0 0.327275390625 0.1655636896046852 0.04248046875 0.08349926793557834
0 0.388232421875 0.21055636896046853 0.038837890625 0.07724743777452416
0 0.423662109375 0.18857979502196195 0.037158203125 0.08768667642752562
0 0.4540625 0.15322108345534408 0.03658203125 0.08809663250366033
0 0.391572265625 0.2856661786237189 0.045537109375 0.08105417276720352
0 0.47763671875 0.2848316251830161 0.0474609375 0.09612005856515374
0 0.598994140625 0.2699707174231332 0.039052734375 0.0622108345534407
0 0.8308203125 0.23544655929721817 0.03953125 0.08102489019033675
0 0.842958984375 0.17226939970717423 0.04427734375 0.08014641288433383
0 0.944501953125 0.2565739385065886 0.024150390625 0.03543191800878477
0 0.986630859375 0.24799414348462664 0.01353515625 0.022445095168374816
0 0.95064453125 0.28691068814055637 0.014111328125 0.024978038067349925