0 0.046875 0.4205729166666667 0.0224609375 0.026041666666666668
0 0.048828125 0.4479166666666667 0.01953125 0.029947916666666668
0 0.0546875 0.3984375 0.017578125 0.02734375
0 0.1142578125 0.4270833333333333 0.0595703125 0.08723958333333333
0 0.119140625 0.3216145833333333 0.060546875 0.09114583333333333
0 0.1533203125 0.3776041666666667 0.05859375 0.07942708333333333
0 0.2978515625 0.4557291666666667 0.033203125 0.045572916666666664
0 0.3115234375 0.4140625 0.03125 0.052083333333333336
0 0.3115234375 0.3684895833333333 0.0302734375 0.049479166666666664
0 0.3515625 0.4166666666666667 0.017578125 0.032552083333333336
0 0.3701171875 0.4166666666666667 0.0205078125 0.037760416666666664
0 0.3876953125 0.4270833333333333 0.013671875 0.026041666666666668
0 0.392578125 0.390625 0.0146484375 0.026041666666666668
0 0.400390625 0.4166666666666667 0.017578125 0.032552083333333336
0 0.6220703125 0.41015625 0.0107421875 0.026041666666666668
0 0.6337890625 0.39453125 0.0146484375 0.01953125
0 0.638671875 0.4127604166666667 0.0146484375 0.024739583333333332
0 0.6513671875 0.4635416666666667 0.0205078125 0.03125
0 0.66015625 0.4192708333333333 0.021484375 0.037760416666666664
0 0.66796875 0.3880208333333333 0.0224609375 0.040364583333333336
0 0.6904296875 0.4166666666666667 0.0234375 0.053385416666666664
0 0.705078125 0.328125 0.037109375 0.052083333333333336
0 0.716796875 0.4192708333333333 0.0234375 0.048177083333333336
0 0.830078125 0.3502604166666667 0.0537109375 0.08723958333333333
0 0.853515625 0.3606770833333333 0.0263671875 0.07942708333333333
0 0.8828125 0.359375 0.0498046875 0.09505208333333333