0 0.040625 0.4482284040995607 0.057919921875 0.08407027818448023
0 0.103681640625 0.45660322108345536 0.06150390625 0.1008199121522694
0 0.16310546875 0.4534260614934114 0.071005859375 0.11049780380673499
0 0.24875 0.45259150805270865 0.072705078125 0.11216691068814055
0 0.28822265625 0.44756954612005856 0.069091796875 0.1222108345534407
0 0.356708984375 0.44276720351390925 0.0744140625 0.11929721815519766
0 0.4219921875 0.4055197657393851 0.077783203125 0.11847730600292826
0 0.491455078125 0.45322108345534406 0.078359375 0.14020497803806736
0 0.605283203125 0.48774524158125915 0.073935546875 0.12553440702781843
0 0.621728515625 0.436515373352855 0.076142578125 0.11084919472913615
0 0.723427734375 0.4423426061493411 0.080390625 0.12849194729136165
0 0.80390625 0.4523718887262079 0.089619140625 0.1586237188872621
0 0.8728125 0.4366910688140556 0.08015625 0.12724743777452416
0 0.955107421875 0.42518301610541726 0.077392578125 0.12098096632503659
0 0.974638671875 0.5425622254758419 0.038349609375 0.1414055636896047