0 0.043974609375 0.5771212121212121 0.08693359375 0.20426997245179065
0 0.049296875 0.40318181818181814 0.09859375 0.17196969696969697
0 0.028349609375 0.04809917355371901 0.055693359375 0.09146005509641875
0 0.057373046875 0.15301652892561984 0.089384765625 0.18717630853994488
0 0.0227734375 0.2889807162534435 0.04453125 0.1508953168044077
0 0.03234375 0.2791322314049587 0.064677734375 0.13121212121212122
0 0.023466796875 0.16732782369146007 0.04314453125 0.18166666666666664
0 0.92275390625 0.9084986225895317 0.07515625 0.18300275482093667
0 0.941162109375 0.6449035812672176 0.1164453125 0.24611570247933887
0 0.977177734375 0.5177410468319559 0.045654296875 0.220068870523416
0 0.925537109375 0.43998622589531683 0.019697265625 0.15506887052341597
0 0.947724609375 0.41027548209366393 0.100546875 0.21764462809917354
0 0.869892578125 0.25183195592286506 0.11669921875 0.2037741046831956
0 0.95330078125 0.2524242424242424 0.08939453125 0.22464187327823693
0 0.93166015625 0.09298898071625344 0.110078125 0.18123966942148761