0 0.3774658385093168 0.489228515625 0.09537888198757764 0.097373046875
0 0.3289068322981366 0.53748046875 0.08339130434782609 0.064345703125
0 0.4107577639751553 0.543486328125 0.08248447204968945 0.062626953125
0 0.4164844720496894 0.5394140625 0.08303105590062113 0.052763671875
0 0.29555279503105586 0.591474609375 0.1098136645962733 0.070087890625
0 0.3589937888198758 0.595556640625 0.09238509316770187 0.073671875
0 0.4259627329192546 0.597998046875 0.09877018633540373 0.064873046875
0 0.3332919254658385 0.63369140625 0.04429813664596273 0.029990234375
0 0.3768198757763975 0.63076171875 0.04526708074534161 0.0312890625
0 0.3909192546583851 0.62716796875 0.04527950310559006 0.0293359375
0 0.35132919254658385 0.661240234375 0.04484472049689441 0.03552734375
0 0.38719254658385094 0.6578125 0.05771428571428572 0.03259765625
0 0.32167701863354037 0.656669921875 0.05756521739130435 0.03552734375
0 0.3946583850931677 0.6794921875 0.04609937888198758 0.030966796875
0 0.38096894409937887 0.688779296875 0.04526708074534161 0.036513671875
0 0.3332919254658385 0.690244140625 0.05188819875776398 0.03552734375
0 0.3243726708074534 0.704755859375 0.05797515527950311 0.0312890625
0 0.3488447204968944 0.714697265625 0.034074534161490685 0.02966796875
0 0.389055900621118 0.71126953125 0.06060869565217391 0.035205078125
0 0.3830434782608696 0.732783203125 0.05108074534161491 0.031943359375
0 0.3241614906832298 0.736533203125 0.04761490683229813 0.032919921875
0 0.3701863354037267 0.73849609375 0.046931677018633544 0.03552734375
0 0.38159006211180124 0.7645703125 0.054807453416149066 0.034228515625
0 0.3432422360248447 0.765224609375 0.043465838509316776 0.0368359375
0 0.3158757763975155 0.764736328125 0.04927950310559007 0.035859375
0 0.3791055900621118 0.78591796875 0.05397515527950311 0.037158203125
0 0.36293167701863355 0.797001953125 0.04567701863354038 0.0378125
0 0.32291925465838506 0.799453125 0.05341614906832298 0.0348828125
0 0.37768944099378887 0.82072265625 0.05442236024844721 0.032578125
0 0.31786335403726707 0.816240234375 0.05124223602484472 0.026064453125
0 0.33572670807453414 0.829169921875 0.03991304347826087 0.0364453125
0 0.38648447204968944 0.844130859375 0.0792919254658385 0.050087890625
0 0.3139751552795031 0.832734375 0.040372670807453416 0.026875
0 0.3033540372670807 0.860419921875 0.07040993788819876 0.05333984375
0 0.3701739130434783 0.86744140625 0.07411180124223601 0.06087890625
0 0.28522981366459627 0.89564453125 0.10407453416149068 0.070849609375
0 0.39607453416149063 0.9053125 0.11243478260869566 0.072685546875
0 0.3221242236024845 0.919365234375 0.09345341614906832 0.07390625
0 0.2400496894409938 0.669443359375 0.027726708074534163 0.025244140625
0 0.24392546583850933 0.660888671875 0.027204968944099378 0.020361328125
0 0.24664596273291928 0.685322265625 0.03419875776397516 0.02443359375
0 0.24055900621118012 0.70720703125 0.027204968944099378 0.0250390625
0 0.2462608695652174 0.726650390625 0.029279503105590063 0.027685546875
0 0.24652173913043476 0.700390625 0.021503105590062112 0.017919921875
0 0.2540248447204969 0.718515625 0.020993788819875774 0.01669921875
0 0.31654658385093165 0.39435546875 0.05341614906832298 0.04619140625
0 0.26124223602484475 0.428359375 0.04495652173913043 0.054609375