0 0.079130859375 0.06963396778916545 0.089296875 0.13638360175695463
0 0.021494140625 0.3696632503660322 0.042998046875 0.065900439238653
0 0.156064453125 0.45270863836017566 0.027783203125 0.040702781844802347
0 0.139658203125 0.4869838945827233 0.02728515625 0.03932650073206442
0 0.13720703125 0.5017862371888726 0.021884765625 0.03226939970717423
0 0.17462890625 0.4776427525622255 0.019912109375 0.026603221083455347
0 0.197197265625 0.479385065885798 0.021171875 0.030849194729136165
0 0.212568359375 0.46231332357247434 0.01849609375 0.028111273792093702
0 0.362392578125 0.5048169838945827 0.034501953125 0.05237188872620791
0 0.394345703125 0.5166471449487555 0.017705078125 0.030673499267935576
0 0.371396484375 0.5402781844802342 0.017099609375 0.021874084919472913
0 0.4633203125 0.4715080527086384 0.025537109375 0.04171303074670571
0 0.536240234375 0.44112737920937045 0.027138671875 0.04445095168374817
0 0.496708984375 0.26674963396778917 0.032802734375 0.05562225475841874
0 0.546943359375 0.5424597364568082 0.0233203125 0.04144948755490483
0 0.531689453125 0.5221376281112738 0.022060546875 0.0416398243045388
0 0.579345703125 0.577320644216691 0.027607421875 0.04464128843338214
0 0.5784765625 0.5488433382137629 0.02888671875 0.04212298682284041
0 0.66228515625 0.5260761346998536 0.010927734375 0.022298682284040996