0 0.69921875 0.5449194729136164 0.099609375 0.20790629575402636
0 0.6141015625 0.25764275256222546 0.047080078125 0.09821376281112738
0 0.596123046875 0.4769546120058565 0.065966796875 0.14130307467057102
0 0.6466015625 0.45095168374816985 0.05984375 0.12453879941434846
0 0.7106640625 0.4291068814055637 0.05603515625 0.10433382137628112
0 0.77302734375 0.39153733528550516 0.030576171875 0.06837481698389458
0 0.808857421875 0.44118594436310393 0.05390625 0.11478770131771597
0 0.82376953125 0.39184480234260616 0.049775390625 0.09836017569546121
0 0.862841796875 0.4254904831625183 0.04447265625 0.09319180087847731
0 0.877724609375 0.3828550512445095 0.0408203125 0.06862371888726207
0 0.9483203125 0.38966325036603217 0.048525390625 0.08224011713030747