0 0.49462890625 0.49853372434017595 0.9892578125 0.9970674486803519
0 0.225869140625 0.024794721407624634 0.051494140625 0.04036656891495601
0 0.194345703125 0.035469208211143695 0.042001953125 0.0681524926686217
0 0.22419921875 0.0637683284457478 0.066005859375 0.04290322580645162
0 0.228662109375 0.08680351906158358 0.068232421875 0.07021994134897361
0 0.227265625 0.153841642228739 0.06544921875 0.07019061583577713
0 0.182900390625 0.18614369501466277 0.052294921875 0.08656891495601172
0 0.259208984375 0.20979472140762465 0.048994140625 0.05464809384164223
0 0.21611328125 0.21565982404692083 0.043125 0.07643695014662757
0 0.17927734375 0.25969208211143696 0.06177734375 0.07696480938416422
0 0.201181640625 0.3378152492668621 0.055673828125 0.07929618768328446
0 0.22001953125 0.30407624633431085 0.05763671875 0.0755425219941349
0 0.263818359375 0.27348973607038124 0.060439453125 0.08142228739002932
0 0.044833984375 0.9452639296187683 0.08966796875 0.1008357771260997
0 0.041416015625 0.9542668621700879 0.082822265625 0.08617302052785925
0 0.095302734375 0.9123753665689149 0.07798828125 0.17331378299120234
0 0.132841796875 0.9348533724340177 0.0841015625 0.1302932551319648
0 0.1746875 0.895615835777126 0.078544921875 0.13978005865102638
0 0.256142578125 0.8922287390029325 0.085263671875 0.1250733137829912
0 0.197265625 0.8069648093841643 0.061494140625 0.0756158357771261
0 0.2348046875 0.8319061583577713 0.07828125 0.07939882697947213
0 0.241064453125 0.7682111436950146 0.065390625 0.06929618768328445
0 0.29603515625 0.8226979472140763 0.06462890625 0.1112316715542522
0 0.25599609375 0.7388709677419355 0.06455078125 0.07766862170087976
0 0.3134765625 0.7682111436950146 0.06603515625 0.08605571847507332
0 0.305927734375 0.700733137829912 0.06955078125 0.07680351906158359
0 0.342763671875 0.722316715542522 0.05767578125 0.07388563049853372
0 0.372197265625 0.8004838709677419 0.085302734375 0.14222873900293256
0 0.37427734375 0.6644868035190616 0.0555859375 0.0587683284457478
0 0.38265625 0.7577272727272727 0.072744140625 0.09024926686217008
0 0.376240234375 0.6975953079178886 0.068837890625 0.04956011730205278
0 0.410966796875 0.6215395894428152 0.064775390625 0.06083577712609971
0 0.432451171875 0.6691055718475073 0.065234375 0.059604105571847504
0 0.4369140625 0.7260703812316716 0.0674609375 0.09457478005865103
0 0.4603515625 0.8092521994134897 0.08755859375 0.11673020527859237
0 0.528837890625 0.8310410557184751 0.07056640625 0.12343108504398828
0 0.493681640625 0.7022140762463344 0.08232421875 0.09063049853372435
0 0.46466796875 0.6408064516129032 0.057783203125 0.049105571847507336
0 0.437607421875 0.5934604105571848 0.042724609375 0.04656891495601173
0 0.463837890625 0.6135777126099706 0.04990234375 0.05328445747800587
0 0.46201171875 0.5618181818181819 0.049697265625 0.06288856304985338
0 0.499130859375 0.5525953079178886 0.03791015625 0.0444574780058651
0 0.518232421875 0.6359970674486803 0.0560546875 0.07887096774193549
0 0.503173828125 0.5953519061583578 0.046015625 0.09643695014662756
0 0.529951171875 0.5932258064516128 0.03708984375 0.07369501466275659
0 0.53677734375 0.5448387096774193 0.042978515625 0.033137829912023464
0 0.558955078125 0.5192815249266862 0.045478515625 0.05741935483870967
0 0.56357421875 0.5863196480938416 0.052998046875 0.06992668621700879
0 0.591328125 0.5672434017595308 0.0393359375 0.06868035190615836
0 0.626337890625 0.5548826979472141 0.05134765625 0.06409090909090909
0 0.610849609375 0.7095454545454546 0.059970703125 0.10278592375366569
0 0.6194921875 0.608958944281525 0.06052734375 0.05244868035190616
0 0.61099609375 0.6361876832844575 0.04296875 0.05230205278592376
0 0.639873046875 0.6770381231671554 0.060556640625 0.08370967741935484
0 0.67474609375 0.7069941348973607 0.063359375 0.10338709677419355
0 0.71212890625 0.6843695014662756 0.07787109375 0.08161290322580644
0 0.691611328125 0.6378739002932551 0.056875 0.034868035190615834
0 0.66943359375 0.6148240469208212 0.054375 0.06417888563049853
0 0.6793359375 0.5901026392961877 0.043486328125 0.05662756598240469
0 0.717001953125 0.6085483870967742 0.047470703125 0.07674486803519062
0 0.7508984375 0.6546480938416422 0.046083984375 0.07174486803519062
0 0.77642578125 0.6902639296187684 0.063671875 0.09775659824046921
0 0.87615234375 0.8507771260997068 0.082763671875 0.14225806451612902
0 0.905732421875 0.8955718475073313 0.079052734375 0.11837243401759531
0 0.95455078125 0.8595307917888564 0.078515625 0.133475073313783