0 0.631513671875 0.2794281524926686 0.0902734375 0.1849560117302053
0 0.585673828125 0.44692082111436954 0.093818359375 0.19002932551319648
0 0.68302734375 0.4244428152492669 0.090751953125 0.20007331378299117
0 0.6316015625 0.5943695014662757 0.088017578125 0.19535190615835776
0 0.694794921875 0.5886656891495602 0.07767578125 0.18392961876832845
0 0.685703125 0.7523900293255132 0.101640625 0.1704692082111437
0 0.59923828125 0.7587536656891496 0.081875 0.1612023460410557
0 0.5759375 0.6103372434017595 0.06701171875 0.15395894428152493
0 0.423134765625 0.5868768328445748 0.08955078125 0.15618768328445748
0 0.4346484375 0.7314956011730205 0.077412109375 0.16535190615835776
0 0.43951171875 0.4630938416422287 0.087119140625 0.18939882697947213
0 0.512646484375 0.4363782991202346 0.074716796875 0.1396041055718475
0 0.454560546875 0.3194574780058651 0.075732421875 0.1550439882697947