0 0.15771484375 0.3594436310395315 0.0390625 0.05417276720351391
0 0.160322265625 0.46218155197657396 0.0390625 0.06588579795021962
0 0.163408203125 0.3013616398243046 0.0390625 0.06734992679355783
0 0.16796875 0.21815519765739386 0.033203125 0.06734992679355783
0 0.17529296875 0.38653001464128844 0.037109375 0.06442166910688141
0 0.17529296875 0.17642752562225475 0.0341796875 0.06881405563689605
0 0.18798828125 0.31991215226939973 0.03515625 0.05856515373352855
0 0.1904296875 0.24963396778916544 0.03515625 0.06588579795021962
0 0.193359375 0.4224011713030747 0.0390625 0.06588579795021962
0 0.19384765625 0.49584187408491953 0.033203125 0.07174231332357248
0 0.71939453125 0.31235724743777454 0.033203125 0.06442166910688141
0 0.724609375 0.212298682284041 0.03515625 0.04538799414348463
0 0.7255859375 0.47584187408491946 0.0361328125 0.06149341142020498
0 0.72705078125 0.24597364568081992 0.0341796875 0.055636896046852125
0 0.72802734375 0.4136163982430454 0.0361328125 0.060029282576866766
0 0.73193359375 0.3821376281112738 0.033203125 0.05417276720351391
0 0.7412109375 0.17569546120058566 0.037109375 0.07320644216691069
0 0.748046875 0.287701317715959 0.0400390625 0.06881405563689605
0 0.75146484375 0.3528550512445095 0.0361328125 0.06881405563689605
0 0.75390625 0.4458272327964861 0.0341796875 0.06442166910688141