0 0.11865234375 0.23133235724743778 0.2373046875 0.2913616398243045
0 0.1448046875 0.07361639824304539 0.214306640625 0.14723279648609078
0 0.232314453125 0.3523718887262079 0.18359375 0.3806734992679356
0 0.2666015625 0.484787701317716 0.1806640625 0.33642752562225475
0 0.32763671875 0.1259150805270864 0.1884765625 0.2518301610541728
0 0.277177734375 0.0306588579795022 0.085166015625 0.061332357247437776
0 0.39892578125 0.31112737920937045 0.1728515625 0.28550512445095166
0 0.40658203125 0.0844363103953148 0.103837890625 0.1688579795021962
0 0.103212890625 0.05856515373352855 0.20642578125 0.1171303074670571
0 0.12056640625 0.38799414348462663 0.241142578125 0.4603806734992679
0 0.170673828125 0.35464128843338216 0.1539453125 0.3774231332357247