0 0.748046875 0.5755208333333334 0.0361328125 0.08723958333333333
0 0.740068359375 0.5266927083333334 0.030595703125 0.06770833333333333
0 0.76806640625 0.564453125 0.0341796875 0.07291666666666667
0 0.601484375 0.5450260416666667 0.02408203125 0.04694010416666666
0 0.62234375 0.5427083333333333 0.021904296875 0.04346354166666667
0 0.615498046875 0.5551692708333333 0.0139453125 0.039986979166666665
0 0.5841015625 0.5585026041666666 0.027998046875 0.04665364583333333
0 0.600498046875 0.5899348958333334 0.02212890625 0.031875
0 0.602353515625 0.5624088541666666 0.017197265625 0.030716145833333333
0 0.423935546875 0.538359375 0.01669921875 0.03303385416666667
0 0.43578125 0.5492317708333333 0.01474609375 0.029843750000000002
0 0.445126953125 0.5508203125 0.0134375 0.025494791666666666
0 0.42404296875 0.57125 0.016484375 0.028684895833333335
0 0.427626953125 0.5628515625 0.0149609375 0.02463541666666667
0 0.44142578125 0.576171875 0.01517578125 0.031002604166666666
0 0.450771484375 0.5842838541666667 0.015615234375 0.026953124999999998
0 0.432197265625 0.6016796875 0.015830078125 0.028111979166666665
0 0.432841796875 0.5824088541666667 0.01279296875 0.026653645833333333
0 0.4198046875 0.5889192708333334 0.01626953125 0.02579427083333333
0 0.409013671875 0.5854296875 0.014736328125 0.031080729166666668