0 0.2291796875 0.013372395833333333 0.0366796875 0.026744791666666667
0 0.017099609375 0.5177083333333333 0.033310546875 0.0629296875
0 0.087724609375 0.5489453125 0.020751953125 0.045325520833333334
0 0.100751953125 0.5456510416666667 0.026357421875 0.047526041666666664
0 0.11412109375 0.5320052083333333 0.02537109375 0.0483984375
0 0.16345703125 0.5430078125 0.03888671875 0.06600260416666666
0 0.214111328125 0.517265625 0.025341796875 0.049726562499999995
0 0.22978515625 0.48272135416666667 0.0256640625 0.05279947916666666
0 0.238525390625 0.532890625 0.02533203125 0.0483984375
0 0.218896484375 0.5513671875 0.02302734375 0.043997395833333335
0 0.323662109375 0.3826171875 0.020693359375 0.0400390625
0 0.30583984375 0.3894270833333333 0.020703125 0.03783854166666666
0 0.301884765625 0.41539062499999996 0.0200390625 0.0316796875
0 0.292646484375 0.43388020833333335 0.022021484375 0.03872395833333333
0 0.3083203125 0.44157552083333335 0.019228515625 0.03563802083333333
0 0.42978515625 0.4437760416666667 0.043505859375 0.077890625
0 0.42087890625 0.47040364583333333 0.03294921875 0.054570312499999996
0 0.4639453125 0.4921875 0.017431640625 0.034765625
0 0.481591796875 0.4952604166666667 0.01708984375 0.03212239583333334
0 0.466748046875 0.5168229166666667 0.01908203125 0.029479166666666667
0 0.473515625 0.5361848958333334 0.0180859375 0.034765625
0 0.862294921875 0.6882161458333332 0.116455078125 0.2059375
0 0.93439453125 0.4825 0.11478515625 0.19757812500000002
0 0.87169921875 0.35972656249999996 0.11677734375 0.2090234375
0 0.845966796875 0.5243098958333333 0.025048828125 0.04180989583333333
0 0.864775390625 0.5245182291666667 0.019765625 0.039609375
0 0.85173828125 0.5696223958333334 0.02009765625 0.040924479166666666
0 0.989658203125 0.6950390624999999 0.02068359375 0.098125
0 0.996259765625 0.49438802083333333 0.007490234375 0.08932291666666665
0 0.99724609375 0.452578125 0.0055078125 0.03916666666666666
0 0.985380859375 0.4389322916666667 0.02205078125 0.0532421875
0 0.9894921875 0.4048307291666667 0.021015625 0.03696614583333333