0 0.00537109375 0.44143484626647145 0.0107421875 0.08638360175695461
0 0.00830078125 0.33382137628111275 0.0166015625 0.08199121522693997
0 0.015625 0.7992972181551976 0.03125 0.0746705710102489
0 0.02587890625 0.30600292825768666 0.0517578125 0.0746705710102489
0 0.02978515625 0.7042459736456809 0.0595703125 0.12152269399707175
0 0.03515625 0.6010248901903368 0.0703125 0.11127379209370425
0 0.0380859375 0.8828696925329429 0.076171875 0.11566617862371889
0 0.04150390625 0.38799414348462663 0.0830078125 0.11859443631039532
0 0.044921875 0.4890190336749634 0.08203125 0.11127379209370425
0 0.02392578125 0.9641288433382138 0.0341796875 0.07027818448023426
0 0.06103515625 0.7818448023426061 0.0810546875 0.1171303074670571
0 0.07470703125 0.9531478770131772 0.078125 0.09077598828696926
0 0.0888671875 0.6742313323572474 0.078125 0.1171303074670571
0 0.087890625 0.493411420204978 0.0703125 0.12298682284040996
0 0.10546875 0.5746705710102489 0.087890625 0.11859443631039532
0 0.111328125 0.863103953147877 0.0810546875 0.11420204978038068
0 0.1279296875 0.760614934114202 0.0830078125 0.10688140556368961
0 0.146357421875 0.94597364568082 0.08650390625 0.10512445095168374
0 0.1416015625 0.6603221083455344 0.04296875 0.0951683748169839
0 0.14625 0.8502635431918009 0.066865234375 0.09291361639824304