0 0.03369140625 0.8411420204978038 0.0673828125 0.13177159590043924
0 0.05517578125 0.9897510980966325 0.033203125 0.016105417276720352
0 0.18017578125 0.9758418740849195 0.0478515625 0.04538799414348463
0 0.19677734375 0.9114202049780381 0.0732421875 0.1390922401171303
0 0.267578125 0.9597364568081991 0.0390625 0.07613469985358712
0 0.30126953125 0.9267935578330894 0.0458984375 0.07320644216691069
0 0.34814453125 0.9498535871156661 0.0595703125 0.10029282576866765
0 0.54296875 0.9480234260614934 0.0693359375 0.09956076134699854
0 0.54833984375 0.8792093704245973 0.0341796875 0.05856515373352855
0 0.6064453125 0.8887262079062958 0.025390625 0.040995607613469986
0 0.65966796875 0.9363103953147877 0.0341796875 0.06588579795021962
0 0.75537109375 0.2525622254758419 0.1513671875 0.24158125915080528
0 0.78076171875 0.8865300146412884 0.0751953125 0.14348462664714495
0 0.8115234375 0.9070278184480234 0.029296875 0.06149341142020498
0 0.84130859375 0.8462664714494875 0.0283203125 0.036603221083455345
0 0.8837890625 0.7745241581259151 0.0576171875 0.10395314787701318
0 0.9189453125 0.8674963396778916 0.0458984375 0.07906295754026355