0 0.00234375 0.15494791666666666 0.0046875 0.032552083333333336
0 0.00390625 0.19596354166666666 0.0078125 0.041666666666666664
0 0.03857421875 0.962890625 0.0771484375 0.07161458333333333
0 0.012939453125 0.4800130208333333 0.02587890625 0.07200520833333333
0 0.048291015625 0.1634765625 0.0234375 0.049479166666666664
0 0.0615234375 0.20638020833333334 0.0498046875 0.06380208333333333
0 0.071474609375 0.4786588541666667 0.03283203125 0.0471484375
0 0.069794921875 0.5575130208333333 0.032861328125 0.037304687499999996
0 0.080556640625 0.23305989583333334 0.05330078125 0.06569010416666667
0 0.0786328125 0.15884114583333334 0.041279296875 0.05859375
0 0.09529296875 0.24572916666666667 0.042529296875 0.05591145833333333
0 0.101318359375 0.14131510416666668 0.045234375 0.0591796875
0 0.115732421875 0.19140625 0.046875 0.06901041666666667
0 0.1259765625 0.5872395833333334 0.0771484375 0.10807291666666667
0 0.122421875 0.40371093750000003 0.0361328125 0.046875
0 0.139580078125 0.24752604166666667 0.046728515625 0.059622395833333335
0 0.1396484375 0.3567708333333333 0.041015625 0.0546875
0 0.12189453125 0.14841145833333333 0.020869140625 0.0325
0 0.12791015625 0.16945312499999998 0.032734375 0.03264322916666667
0 0.16357421875 0.5397135416666666 0.064453125 0.11458333333333333
0 0.15904296875 0.13971354166666666 0.0400390625 0.048177083333333336
0 0.129375 0.18811197916666667 0.036171875 0.055299479166666665
0 0.1582421875 0.19734375 0.0403515625 0.05522135416666666
0 0.162109375 0.3695703125 0.0185546875 0.037760416666666664
0 0.19189453125 0.5260416666666666 0.072265625 0.12630208333333334
0 0.227841796875 0.46162760416666665 0.044609375 0.063984375
0 0.270703125 0.46675781250000004 0.04244140625 0.04419270833333333
0 0.26990234375 0.4446484375 0.04275390625 0.044622395833333335
0 0.8330078125 0.9270833333333334 0.130859375 0.14192708333333334
0 0.15103515625 0.2382161458333333 0.037431640625 0.05182291666666666
0 0.17234375 0.27220052083333335 0.047880859375 0.06352864583333333
0 0.10642578125 0.2847395833333333 0.05095703125 0.056276041666666665
0 0.142041015625 0.3036848958333333 0.043642578125 0.052382812499999994
0 0.09064453125 0.3188671875 0.041982421875 0.04541666666666667
0 0.205791015625 0.30895833333333333 0.0257421875 0.027031250000000003
0 0.184541015625 0.3252213541666667 0.04818359375 0.06165364583333333
0 0.218974609375 0.33807291666666667 0.047451171875 0.06743489583333333
0 0.241708984375 0.3645833333333333 0.03427734375 0.0490625
0 0.224189453125 0.4002604166666666 0.046396484375 0.06428385416666667
0 0.18365234375 0.38149739583333336 0.04640625 0.054570312499999996
0 0.187783203125 0.4287239583333333 0.0515234375 0.06296875
0 0.118173828125 0.3318229166666667 0.016416015625 0.025234375
0 0.082734375 0.35916666666666663 0.030859375 0.03962239583333333
0 0.104892578125 0.3642578125 0.042314453125 0.05467447916666667
0 0.088955078125 0.39945312499999996 0.045966796875 0.048476562499999994
0 0.13619140625 0.40997395833333333 0.039873046875 0.04958333333333333
0 0.10140625 0.4463802083333333 0.040322265625 0.05290364583333334
0 0.076669921875 0.4411848958333333 0.032685546875 0.04736979166666667
0 0.1591796875 0.4771614583333333 0.046943359375 0.0551171875
0 0.11501953125 0.520546875 0.0721875 0.12197916666666668
0 0.069619140625 0.5106901041666666 0.015263671875 0.020364583333333335
0 0.079658203125 0.5279557291666667 0.036669921875 0.04869791666666667
0 0.257880859375 0.41882812500000005 0.045849609375 0.06065104166666666