0 0.15501953125 0.3561197916666667 0.015625 0.016927083333333332
0 0.17724609375 0.2825520833333333 0.0146484375 0.024739583333333332
0 0.17869140625 0.0078125 0.01171875 0.015625
0 0.2099609375 0.130859375 0.0146484375 0.024739583333333332
0 0.265625 0.34765625 0.0146484375 0.028645833333333332
0 0.2763671875 0.0625 0.015625 0.02734375
0 0.30419921875 0.21223958333333334 0.0185546875 0.024739583333333332
0 0.31443359375 0.0390625 0.015625 0.022135416666666668
0 0.32666015625 0.3561197916666667 0.009765625 0.015625
0 0.33203125 0.2858072916666667 0.0166015625 0.024739583333333332
0 0.34765625 0.12434895833333333 0.01953125 0.020833333333333332
0 0.35400390625 0.7376302083333334 0.015625 0.024739583333333332
0 0.37841796875 0.7200520833333334 0.015625 0.026041666666666668
0 0.3935546875 0.18033854166666666 0.0185546875 0.026041666666666668
0 0.3955078125 0.4401041666666667 0.0146484375 0.01953125
0 0.4375 0.23958333333333334 0.0185546875 0.0234375
0 0.43896484375 0.4140625 0.015625 0.022135416666666668
0 0.43994140625 0.2877604166666667 0.0185546875 0.03125
0 0.4484765625 0.9596354166666666 0.021484375 0.033854166666666664
0 0.46044921875 0.4798177083333333 0.013671875 0.026041666666666668
0 0.501953125 0.298828125 0.013671875 0.022135416666666668
0 0.50390625 0.12630208333333334 0.0166015625 0.020833333333333332
0 0.5068359375 0.4791666666666667 0.0146484375 0.028645833333333332
0 0.53076171875 0.12630208333333334 0.0185546875 0.022135416666666668
0 0.54443359375 0.2604166666666667 0.0126953125 0.022135416666666668
0 0.54931640625 0.951171875 0.0146484375 0.022135416666666668
0 0.5625 0.376953125 0.0146484375 0.016927083333333332
0 0.5654296875 0.026692708333333332 0.01171875 0.016927083333333332
0 0.58544921875 0.12630208333333334 0.0146484375 0.020833333333333332
0 0.59033203125 0.12760416666666666 0.0166015625 0.026041666666666668
0 0.59765625 0.03515625 0.013671875 0.022135416666666668
0 0.59912109375 0.2578125 0.01171875 0.016927083333333332
0 0.60619140625 0.14192708333333334 0.01171875 0.01171875
0 0.6123046875 0.01171875 0.01171875 0.020833333333333332
0 0.61767578125 0.23372395833333334 0.01953125 0.02734375
0 0.6220703125 0.2760416666666667 0.0126953125 0.020833333333333332
0 0.630859375 0.0546875 0.0087890625 0.015625
0 0.630859375 0.3059895833333333 0.0087890625 0.020833333333333332
0 0.658203125 0.08919270833333333 0.0146484375 0.016927083333333332
0 0.66552734375 0.6471354166666666 0.0244140625 0.0390625
0 0.66015625 0.15104166666666666 0.009765625 0.015625
0 0.67724609375 0.236328125 0.0087890625 0.020833333333333332
0 0.724609375 0.51171875 0.01953125 0.03125
0 0.76904296875 0.5748697916666666 0.0205078125 0.029947916666666668
0 0.8115234375 0.6770833333333334 0.01953125 0.02734375
0 0.8271484375 0.5091145833333334 0.021484375 0.036458333333333336
0 0.85693359375 0.6354166666666666 0.0244140625 0.032552083333333336
0 0.89404296875 0.4921875 0.02734375 0.036458333333333336