0 0.295546875 0.37634110787172015 0.033798828125 0.06462099125364432
0 0.875 0.6778425655976676 0.0234375 0.03206997084548105
0 0.88671875 0.6450437317784257 0.0361328125 0.0597667638483965
0 0.8916015625 0.7011661807580175 0.0390625 0.061224489795918366
0 0.276767578125 0.426137026239067 0.01767578125 0.05150145772594752
0 0.319091796875 0.39941690962099125 0.03982421875 0.06803206997084549
0 0.299560546875 0.4606413994169096 0.039814453125 0.07386297376093295
0 0.354912109375 0.41253644314868804 0.0489453125 0.05928571428571429
0 0.336025390625 0.46695335276967925 0.042431640625 0.07482507288629738
0 0.370537109375 0.46016034985422744 0.045048828125 0.061224489795918366
0 0.380302734375 0.361997084548105 0.041142578125 0.07094752186588922
0 0.4030859375 0.42128279883381925 0.046103515625 0.06511661807580175
0 0.41138671875 0.4708454810495627 0.039267578125 0.057332361516034984
0 0.431083984375 0.4642857142857143 0.036982421875 0.0733673469387755
0 0.430439453125 0.38629737609329445 0.039853515625 0.07094752186588922
0 0.45810546875 0.41424198250728866 0.041533203125 0.0597667638483965
0 0.455498046875 0.47182215743440237 0.037626953125 0.06705539358600583
0 0.48154296875 0.45747813411078714 0.0376171875 0.06948979591836735
0 0.487412109375 0.38629737609329445 0.044423828125 0.07094752186588922
0 0.526962890625 0.3838629737609329 0.04736328125 0.07774052478134111
0 0.5141015625 0.42857142857142855 0.036611328125 0.06803206997084549
0 0.5521875 0.4441253644314869 0.044765625 0.05830903790087463
0 0.518818359375 0.4742419825072886 0.04314453125 0.05053935860058309