0 0.00830078125 0.3443465491923642 0.0166015625 0.04552129221732746
0 0.01025390625 0.08590308370044053 0.0205078125 0.14390602055800295
0 0.013994140625 0.2555066079295154 0.025390625 0.14684287812041116
0 0.126953125 0.1776798825256975 0.08203125 0.08076358296622614
0 0.1533203125 0.06754772393538913 0.083984375 0.1262848751835536
0 0.14599609375 0.2474302496328928 0.0439453125 0.08223201174743025
0 0.17822265625 0.11894273127753303 0.0634765625 0.1013215859030837
0 0.2255859375 0.12261380323054331 0.0419921875 0.08516886930983847
0 0.5263671875 0.4185022026431718 0.107421875 0.1894273127753304
0 0.52978515625 0.2687224669603524 0.08984375 0.10572687224669604
0 0.55126953125 0.3311306901615272 0.013671875 0.032305433186490456
0 0.603193359375 0.3406754772393539 0.09375 0.14831130690161526
0 0.58154296875 0.24522760646108663 0.048828125 0.06607929515418502