0 0.190556640625 0.6533333333333333 0.042744140625 0.049231770833333334
0 0.41552734375 0.53125 0.0322265625 0.037760416666666664
0 0.42626953125 0.5592447916666666 0.0322265625 0.037760416666666664
0 0.7255859375 0.6796875 0.0341796875 0.04296875
0 0.91064453125 0.6588541666666666 0.0146484375 0.015625
0 0.92626953125 0.662109375 0.0146484375 0.016927083333333332
0 0.23826171875 0.56375 0.03736328125 0.054010416666666665
0 0.26955078125 0.5584505208333334 0.03701171875 0.05497395833333333
0 0.308974609375 0.5779817708333334 0.039189453125 0.05641927083333333
0 0.33357421875 0.6095703124999999 0.039189453125 0.053046875
0 0.2610546875 0.6011328125000001 0.0380859375 0.05063802083333333
0 0.38078125 0.6710546875 0.035947265625 0.045820312499999995
0 0.357451171875 0.6732291666666667 0.034853515625 0.04147135416666667