0 0.2919921875 0.462890625 0.04296875 0.06380208333333333
0 0.2978515625 0.40625 0.052734375 0.053385416666666664
0 0.33544921875 0.4029947916666667 0.0322265625 0.053385416666666664
0 0.34228515625 0.4537760416666667 0.0302734375 0.05859375
0 0.37353515625 0.3763020833333333 0.044921875 0.06380208333333333
0 0.38916015625 0.4303385416666667 0.05078125 0.06770833333333333
0 0.39990234375 0.5078125 0.0390625 0.06510416666666667
0 0.40771484375 0.45703125 0.03515625 0.048177083333333336
0 0.4111328125 0.3815104166666667 0.0302734375 0.059895833333333336
0 0.4287109375 0.3880208333333333 0.0458984375 0.07291666666666667
0 0.44677734375 0.4329427083333333 0.04296875 0.040364583333333336