0 0.005139500734214391 0.77099609375 0.010279001468428781 0.025390625
0 0.013950073421439061 0.91064453125 0.027900146842878122 0.0634765625
0 0.02276064610866373 0.79150390625 0.04552129221732746 0.04296875
0 0.02569750367107195 0.724609375 0.0513950073421439 0.052734375
0 0.04698972099853157 0.7421875 0.06901615271659324 0.0341796875
0 0.0513950073421439 0.78369140625 0.03524229074889868 0.05078125
0 0.07782672540381791 0.7734375 0.05433186490455213 0.041015625
0 0.09177679882525698 0.7197265625 0.06167400881057269 0.0390625
0 0.09911894273127753 0.80712890625 0.06167400881057269 0.0341796875
0 0.12555066079295155 0.7451171875 0.06167400881057269 0.0390625
0 0.13803230543318648 0.78369140625 0.06607929515418502 0.037109375