0 0.6962890625 0.20703125 0.052734375 0.044270833333333336
0 0.70361328125 0.31640625 0.0380859375 0.07552083333333333
0 0.7216796875 0.23828125 0.056640625 0.08984375
0 0.76123046875 0.2799479166666667 0.068359375 0.0546875
0 0.7568359375 0.19140625 0.0517578125 0.057291666666666664
0 0.75439453125 0.4088541666666667 0.0458984375 0.07552083333333333
0 0.75830078125 0.22526041666666666 0.0458984375 0.059895833333333336
0 0.7529296875 0.365234375 0.0283203125 0.020833333333333332
0 0.7568359375 0.146484375 0.03125 0.020833333333333332
0 0.8017578125 0.125 0.060546875 0.09375
0 0.8046875 0.24869791666666666 0.060546875 0.06901041666666667
0 0.79345703125 0.37890625 0.0390625 0.057291666666666664
0 0.8125 0.18815104166666666 0.052734375 0.061197916666666664
0 0.8125 0.31640625 0.029296875 0.057291666666666664
0 0.8330078125 0.18489583333333334 0.029296875 0.06510416666666667