0 0.43359375 0.3671071953010279 0.1357421875 0.23348017621145375
0 0.46826171875 0.10646108663729809 0.1689453125 0.21292217327459617
0 0.55908203125 0.4522760646108664 0.1669921875 0.2276064610866373
0 0.576171875 0.2988252569750367 0.1162109375 0.1527165932452276
0 0.62060546875 0.06387665198237885 0.1767578125 0.1277533039647577
0 0.61328125 0.13656387665198239 0.1416015625 0.1262848751835536
0 0.7138671875 0.3142437591776799 0.16015625 0.21292217327459617
0 0.72802734375 0.5242290748898678 0.1708984375 0.24082232011747431
0 0.7216796875 0.1512481644640235 0.1123046875 0.15418502202643172
0 0.75537109375 0.013950073421439061 0.08984375 0.027900146842878122
0 0.861328125 0.1299559471365639 0.2197265625 0.2599118942731278
0 0.823095703125 0.28719530102790014 0.087890625 0.08516886930983847