0 0.107421875 0.7964860907759883 0.0751953125 0.10248901903367497
0 0.099609375 0.6969253294289898 0.056640625 0.10102489019033675
0 0.1318359375 0.91800878477306 0.044921875 0.09663250366032211
0 0.1474609375 0.726207906295754 0.0751953125 0.13323572474377746
0 0.166015625 0.6339677891654466 0.0673828125 0.11127379209370425
0 0.166962890625 0.8178038067349926 0.0625 0.08345534407027819
0 0.2001953125 0.7247437774524158 0.0771484375 0.09956076134699854
0 0.8095703125 0.6398243045387995 0.046875 0.10248901903367497
0 0.844013671875 0.9311713030746706 0.077607421875 0.10834553440702782
0 0.869140625 0.9604685212298683 0.09375 0.07613469985358712
0 0.9189453125 0.9421815519765739 0.0810546875 0.11273792093704246
0 0.9384765625 0.9099414348462664 0.0908203125 0.13616398243045388