0 0.126953125 0.352138671875 0.1142578125 0.107421875
0 0.13419921875 0.138515625 0.118134765625 0.116572265625
0 0.139736328125 0.242841796875 0.109765625 0.102880859375
0 0.155693359375 0.47490234375 0.096201171875 0.08763671875
0 0.21212890625 0.303642578125 0.114091796875 0.11306640625
0 0.220146484375 0.195166015625 0.107421875 0.111328125
0 0.213837890625 0.405146484375 0.0986328125 0.0966796875
0 0.242470703125 0.502998046875 0.100498046875 0.10330078125
0 0.256357421875 0.3678125 0.108466796875 0.09419921875
0 0.25443359375 0.268642578125 0.112216796875 0.095703125
0 0.603408203125 0.356552734375 0.0673828125 0.0625
0 0.609423828125 0.420654296875 0.068359375 0.0703125
0 0.609345703125 0.305478515625 0.049140625 0.066982421875
0 0.634326171875 0.30416015625 0.066611328125 0.07046875
0 0.654521484375 0.370283203125 0.0654296875 0.0703125
0 0.668076171875 0.463125 0.0654296875 0.0673828125
0 0.68603515625 0.4091796875 0.064453125 0.0595703125
0 0.682998046875 0.339599609375 0.056640625 0.0673828125
0 0.175478515625 0.406552734375 0.08755859375 0.086572265625