0 0.04252199413489736 0.189482421875 0.08504398826979472 0.134765625
0 0.1307184750733138 0.494384765625 0.18624633431085044 0.127783203125
0 0.12756598240469208 0.1962890625 0.14809384164222875 0.146484375
0 0.17082111436950145 0.2998046875 0.16129032258064516 0.1435546875
0 0.1602639296187683 0.171630859375 0.12903225806451613 0.1298828125
0 0.17620234604105572 0.406259765625 0.1436950146627566 0.115234375
0 0.27346041055718473 0.2587890625 0.1627565982404692 0.1533203125
0 0.2895894428152493 0.16005859375 0.1495601173020528 0.123046875
0 0.3906891495601173 0.129833984375 0.16422287390029325 0.1162109375
0 0.4006598240469208 0.07896484375 0.15469208211143695 0.1286328125
0 0.5513196480938416 0.13525390625 0.14809384164222875 0.15234375
0 0.7067448680351907 0.13232421875 0.15689149560117302 0.15234375
0 0.8613636363636364 0.126025390625 0.1627565982404692 0.1328125
0 0.9303519061583577 0.2197265625 0.13636363636363635 0.1396484375
0 0.982991202346041 0.43359375 0.03372434017595308 0.0986328125