0 0.783681640625 0.3407161458333334 0.02794921875 0.041953125
0 0.7413671875 0.34432291666666665 0.01927734375 0.031822916666666666
0 0.75873046875 0.3530078125 0.02412109375 0.0433984375
0 0.732685546875 0.39351562500000004 0.023623046875 0.046302083333333334
0 0.716416015625 0.4022005208333333 0.023623046875 0.046302083333333334
0 0.74841796875 0.4231770833333333 0.02904296875 0.041953125
0 0.76849609375 0.45645833333333335 0.026298828125 0.04774739583333334
0 0.803203125 0.4730859375 0.03228515625 0.046302083333333334
0 0.787470703125 0.4181119791666667 0.031201171875 0.0405078125
0 0.790732421875 0.3790494791666667 0.033369140625 0.049192708333333335
0 0.760888671875 0.3862890625 0.0301171875 0.0347265625
0 0.80646484375 0.34794270833333335 0.027939453125 0.03328125
0 0.817314453125 0.37182291666666667 0.034990234375 0.0405078125
0 0.82056640625 0.39640625 0.041494140625 0.0376171875