0 0.007161458333333333 0.150390625 0.014322916666666666 0.0517578125
0 0.046223958333333336 0.15087890625 0.0625 0.0732421875
0 0.11588541666666667 0.14453125 0.06901041666666667 0.0751953125
0 0.18619791666666666 0.1376953125 0.08333333333333333 0.0830078125
0 0.23893229166666666 0.15380859375 0.07942708333333333 0.068359375
0 0.3307291666666667 0.15087890625 0.08463541666666667 0.072265625
0 0.4576822916666667 0.15478515625 0.07161458333333333 0.0712890625
0 0.5390625 0.162109375 0.08463541666666667 0.078125
0 0.6126302083333334 0.17822265625 0.07682291666666667 0.0654296875
0 0.697265625 0.17236328125 0.08203125 0.0771484375
0 0.755859375 0.18310546875 0.07682291666666667 0.0625
0 0.8294270833333334 0.19482421875 0.08333333333333333 0.0693359375
0 0.9055989583333334 0.20166015625 0.07682291666666667 0.0693359375
0 0.9388020833333334 0.2177734375 0.053385416666666664 0.0595703125
0 0.9837239583333334 0.21435546875 0.028645833333333332 0.068359375
0 0.9837239583333334 0.2353515625 0.028645833333333332 0.0595703125
0 0.9816536458333333 0.253212890625 0.032070312499999996 0.03208984375