0 0.533232421875 0.30095628415300546 0.060546875 0.06284153005464481
0 0.54982421875 0.38124316939890707 0.05296875 0.07862021857923497
0 0.58203125 0.3884153005464481 0.057958984375 0.0801775956284153
0 0.600244140625 0.359016393442623 0.056640625 0.0860655737704918
0 0.6159375 0.28654371584699456 0.0406640625 0.055669398907103824
0 0.63986328125 0.3863934426229508 0.052734375 0.07650273224043716
0 0.664775390625 0.2990983606557377 0.0478515625 0.06967213114754098
0 0.67044921875 0.3561065573770492 0.0478515625 0.07377049180327869
0 0.696357421875 0.3073633879781421 0.044853515625 0.05053278688524591
0 0.703974609375 0.3492349726775956 0.046357421875 0.06094262295081967
0 0.7340234375 0.2880464480874317 0.05078125 0.06967213114754098
0 0.556552734375 0.2840573770491803 0.04751953125 0.0633879781420765
0 0.585087890625 0.29460382513661204 0.04794921875 0.05215846994535519
0 0.632822265625 0.31510928961748635 0.049912109375 0.05009562841530055
0 0.63017578125 0.34099726775956285 0.048466796875 0.05491803278688525
0 0.53884765625 0.3291803278688525 0.049521484375 0.06206284153005465
0 0.57837890625 0.3330054644808743 0.046630859375 0.05277322404371585
0 0.587119140625 0.3110245901639344 0.045419921875 0.05575136612021858
0 0.63109375 0.2979234972677596 0.042060546875 0.05494535519125683