0 0.2333984375 0.9004392386530015 0.2890625 0.19765739385065886
0 0.39794921875 0.7159590043923866 0.1064453125 0.17862371888726208
0 0.40576171875 0.19619326500732065 0.095703125 0.13469985358711567
0 0.4375 0.2913616398243045 0.0869140625 0.10980966325036604
0 0.44091796875 0.07979502196193265 0.0859375 0.1595900439238653
0 0.41015625 0.1295754026354319 0.01171875 0.014641288433382138
0 0.47509765625 0.16544655929721816 0.0859375 0.1478770131771596
0 0.5263671875 0.0951683748169839 0.083984375 0.15080527086383602
0 0.53515625 0.2240117130307467 0.095703125 0.11566617862371889
0 0.5498046875 0.15739385065885797 0.0244140625 0.02342606149341142
0 0.625 0.7232796486090776 0.0849609375 0.13323572474377746