0 0.13856304985337242 0.7861328125 0.24486803519061584 0.2529296875
0 0.24120234604105573 0.57421875 0.3020527859237537 0.2490234375
0 0.3629032258064516 0.921875 0.3533724340175953 0.1533203125
0 0.36656891495601174 0.74365234375 0.3181818181818182 0.2314453125
0 0.33357771260997066 0.435546875 0.2404692082111437 0.212890625
0 0.46114369501466274 0.1064453125 0.2697947214076246 0.20703125
0 0.42595307917888564 0.59619140625 0.1348973607038123 0.1357421875
0 0.533724340175953 0.4580078125 0.3181818181818182 0.2431640625
0 0.5813782991202346 0.30322265625 0.2624633431085044 0.154296875
0 0.6649560117302052 0.71484375 0.3533724340175953 0.2958984375
0 0.6854838709677419 0.90283203125 0.32991202346041054 0.19140625
0 0.6627565982404692 0.50927734375 0.21407624633431085 0.166015625
0 0.875366568914956 0.8427734375 0.24193548387096775 0.216796875