0 0.24072265625 0.251953125 0.02734375 0.029947916666666668
0 0.251953125 0.275390625 0.02734375 0.04296875
0 0.26318359375 0.3287760416666667 0.03515625 0.05078125
0 0.26904296875 0.2916666666666667 0.0380859375 0.040364583333333336
0 0.263671875 0.24283854166666666 0.0244140625 0.0234375
0 0.28466796875 0.251953125 0.0341796875 0.05078125
0 0.2890625 0.21809895833333334 0.0302734375 0.04296875
0 0.29443359375 0.2779947916666667 0.0244140625 0.036458333333333336
0 0.29931640625 0.3248697916666667 0.0341796875 0.055989583333333336
0 0.298828125 0.2688802083333333 0.0302734375 0.0390625
0 0.31787109375 0.23567708333333334 0.0400390625 0.049479166666666664
0 0.32373046875 0.287109375 0.0322265625 0.049479166666666664
0 0.32177734375 0.3307291666666667 0.017578125 0.0234375
0 0.3251953125 0.3138020833333333 0.0224609375 0.0234375
0 0.33447265625 0.2701822916666667 0.0244140625 0.032552083333333336
0 0.34130859375 0.24153645833333334 0.0126953125 0.036458333333333336
0 0.80419921875 0.26953125 0.03515625 0.049479166666666664