0 0.201875 0.018272327964860908 0.0567578125 0.036544655929721816
0 0.255029296875 0.01931185944363104 0.0741015625 0.03780380673499268
0 0.325185546875 0.013250366032210836 0.064921875 0.026500732064421672
0 0.324912109375 0.035768667642752563 0.0710546875 0.07153733528550513
0 0.300224609375 0.061566617862371886 0.061845703125 0.08686676427525622
0 0.19126953125 0.03166910688140556 0.05787109375 0.06332357247437774
0 0.24986328125 0.08582723279648609 0.081630859375 0.10527086383601758
0 0.192529296875 0.10301610541727672 0.06875 0.10480234260614933
0 0.262001953125 0.14043923865300148 0.07689453125 0.08389458272327964
0 0.1547265625 0.11682284040995608 0.068486328125 0.10732064421669106
0 0.217509765625 0.193792093704246 0.068232421875 0.10688140556368961
0 0.162265625 0.2191068814055637 0.0737890625 0.10393850658857978
0 0.23396484375 0.23856515373352855 0.06767578125 0.08928257686676427
0 0.129892578125 0.25427525622254754 0.069052734375 0.09358711566617862
0 0.193935546875 0.29714494875549047 0.06794921875 0.09259150805270865
0 0.135478515625 0.3082576866764275 0.060126953125 0.03922401171303075
0 0.149580078125 0.3448462664714495 0.07294921875 0.08084919472913617
0 0.179150390625 0.4145241581259151 0.06515625 0.07956076134699853
0 0.2140234375 0.3511273792093704 0.072412109375 0.07666178623718888
0 0.12333984375 0.3829575402635432 0.053154296875 0.07064421669106881
0 0.12208984375 0.436705710102489 0.047001953125 0.0502489019033675
0 0.205927734375 0.45155197657393853 0.060693359375 0.07660322108345534
0 0.154873046875 0.47603221083455344 0.05677734375 0.08203513909224013
0 0.1273828125 0.5082723279648609 0.074072265625 0.08453879941434847
0 0.201748046875 0.5034407027818448 0.063486328125 0.07322108345534407
0 0.1996484375 0.5706002928257687 0.059296875 0.07695461200585652
0 0.149013671875 0.582108345534407 0.06291015625 0.08322108345534407
0 0.111494140625 0.5597218155197657 0.01240234375 0.04515373352855051
0 0.121943359375 0.6304538799414349 0.0559375 0.06786237188872621
0 0.177890625 0.6402781844802342 0.058173828125 0.07565153733528551
0 0.21625 0.6203953147877014 0.03447265625 0.05265007320644217
0 0.112890625 0.6708199121522694 0.021884765625 0.04633967789165446
0 0.143857421875 0.695095168374817 0.05927734375 0.07478770131771596
0 0.197978515625 0.6862957540263543 0.062646484375 0.06726207906295753
0 0.20662109375 0.7283601756954612 0.039775390625 0.05426061493411421
0 0.174541015625 0.7486530014641288 0.0537109375 0.08480234260614934
0 0.12501953125 0.733601756954612 0.060966796875 0.0691800878477306
0 0.143857421875 0.8028404099560762 0.05927734375 0.07263543191800878
0 0.11943359375 0.7699999999999999 0.05650390625 0.03322108345534407
0 0.197421875 0.7819326500732063 0.052607421875 0.06961932650073206
0 0.173564453125 0.8459443631039532 0.05845703125 0.06172767203513909
0 0.135908203125 0.8909224011713031 0.050068359375 0.05124450951683748
0 0.117763671875 0.8411420204978038 0.053154296875 0.07509516837481699
0 0.994111328125 0.6281551976573938 0.011767578125 0.025592972181551977
0 0.990556640625 0.6525475841874084 0.018359375 0.029531478770131774
0 0.982421875 0.6720937042459737 0.0152734375 0.025168374816983898
0 0.992734375 0.7160175695461201 0.0140234375 0.026237188872620793
0 0.991552734375 0.7630453879941435 0.016884765625 0.026530014641288433
0 0.99359375 0.7965739385065885 0.01228515625 0.031068814055636895
0 0.978515625 0.7767203513909224 0.016142578125 0.02685212298682284
0 0.978193359375 0.754597364568082 0.0133203125 0.02162518301610542
0 0.985673828125 0.7326207906295754 0.026123046875 0.026500732064421672
0 0.980576171875 0.71 0.01375 0.017042459736456808
0 0.9890234375 0.6930746705710102 0.021962890625 0.024846266471449486