0 0.062197265625 0.4809024390243902 0.064609375 0.09107317073170733
0 0.107275390625 0.4333292682926829 0.06037109375 0.08535365853658536
0 0.161953125 0.40953658536585363 0.039521484375 0.04182926829268292
0 0.15203125 0.4631829268292683 0.068203125 0.09476829268292682
0 0.209150390625 0.4621707317073171 0.0548828125 0.07646341463414634
0 0.2687109375 0.4170365853658537 0.059453125 0.06103658536585366
0 0.331689453125 0.41297560975609754 0.06044921875 0.06917073170731707
0 0.24267578125 0.44509756097560976 0.04642578125 0.061841463414634146
0 0.365380859375 0.4335121951219512 0.0419140625 0.05492682926829268
0 0.466591796875 0.7551585365853659 0.03681640625 0.05015853658536586
0 0.494912109375 0.7490609756097562 0.030234375 0.046097560975609755
0 0.39921875 0.6839999999999999 0.0387890625 0.046060975609756104
0 0.42134765625 0.6392682926829268 0.0309765625 0.03790243902439024
0 0.38701171875 0.6405000000000001 0.03716796875 0.04847560975609756
0 0.314755859375 0.6953902439024391 0.035888671875 0.036304878048780485
0 0.343896484375 0.6949878048780488 0.03279296875 0.0436219512195122
0 0.346005859375 0.7791463414634147 0.03328125 0.04123170731707317
0 0.314267578125 0.7915609756097561 0.03166015625 0.04570731707317073
0 0.240390625 0.700060975609756 0.0336328125 0.049719512195121954
0 0.2119140625 0.7059634146341464 0.0255078125 0.041182926829268295