0 0.3294270833333333 0.55712890625 0.08203125 0.037109375
0 0.3294270833333333 0.53271484375 0.06380208333333333 0.052734375
0 0.3587239583333333 0.63232421875 0.0703125 0.0615234375
0 0.3424479166666667 0.578125 0.01171875 0.0087890625
0 0.3736979166666667 0.5859375 0.057291666666666664 0.0439453125
0 0.396484375 0.53759765625 0.08203125 0.052734375
0 0.400390625 0.50537109375 0.06770833333333333 0.0390625
0 0.4173177083333333 0.6162109375 0.06770833333333333 0.0634765625
0 0.4016927083333333 0.5751953125 0.033854166666666664 0.03515625
0 0.419921875 0.66748046875 0.06770833333333333 0.0546875
0 0.40625 0.484375 0.026041666666666668 0.0068359375
0 0.4348958333333333 0.69775390625 0.07291666666666667 0.0478515625
0 0.4576822916666667 0.5703125 0.08854166666666667 0.0546875
0 0.4563802083333333 0.52685546875 0.07942708333333333 0.0498046875
0 0.4485677083333333 0.48974609375 0.061197916666666664 0.037109375
0 0.4720052083333333 0.650390625 0.05859375 0.0458984375
0 0.4798177083333333 0.6123046875 0.057291666666666664 0.025390625
0 0.5013020833333334 0.6416015625 0.078125 0.056640625
0 0.4889322916666667 0.5185546875 0.024739583333333332 0.01953125
0 0.4947916666666667 0.53759765625 0.022135416666666668 0.01953125
0 0.5260416666666666 0.6083984375 0.07552083333333333 0.0498046875
0 0.5338541666666666 0.56298828125 0.04296875 0.041015625
0 0.5520833333333334 0.6318359375 0.03125 0.0283203125