0 0.0302734375 0.08673469387755102 0.060546875 0.16909620991253643
0 0.0869140625 0.22521865889212828 0.12109375 0.17784256559766765
0 0.05224609375 0.002186588921282799 0.0478515625 0.004373177842565598
0 0.1103515625 0.08819241982507289 0.1328125 0.17638483965014579
0 0.1259765625 0.39868804664723034 0.1103515625 0.17784256559766765
0 0.1728515625 0.26749271137026237 0.142578125 0.21282798833819241
0 0.13232421875 0.5612244897959183 0.0390625 0.1661807580174927
0 0.20556640625 0.4037900874635568 0.09765625 0.12682215743440234
0 0.20166015625 0.02478134110787172 0.0859375 0.04956268221574344
0 0.2236328125 0.12244897959183673 0.111328125 0.19096209912536444
0 0.23779296875 0.03571428571428571 0.1337890625 0.07142857142857142
0 0.2431640625 0.31924198250728864 0.041015625 0.04227405247813411
0 0.39794921875 0.29956268221574345 0.03515625 0.061224489795918366