0 0.0401171875 0.085205078125 0.08024739583333333 0.170419921875
0 0.4936979166666667 0.024609375 0.2176171875 0.04921875
0 0.5986197916666667 0.01119140625 0.065078125 0.021591796875
0 0.6840364583333334 0.0328125 0.20674479166666668 0.065625
0 0.8701953124999999 0.0392578125 0.1625390625 0.078515625
0 0.7740885416666666 0.03046875 0.11296875 0.0609375
0 0.09559895833333333 0.121201171875 0.19119791666666666 0.183037109375
0 0.2119661458333333 0.12505859375 0.2081640625 0.1842578125
0 0.32341145833333335 0.132880859375 0.1727864583333333 0.168623046875
0 0.43302083333333335 0.12740234375 0.18791666666666665 0.163935546875
0 0.5444661458333333 0.148310546875 0.19420572916666667 0.16509765625
0 0.6527864583333333 0.152998046875 0.18591145833333333 0.17134765625
0 0.7329817708333333 0.161591796875 0.17552083333333335 0.169775390625
0 0.8248828125 0.153193359375 0.15940104166666666 0.159228515625
0 0.909765625 0.174296875 0.16671875 0.14828125
0 0.07598958333333333 0.3091015625 0.15197916666666667 0.183369140625
0 0.1747395833333333 0.3149609375 0.20450520833333333 0.179453125
0 0.2919010416666667 0.3128125 0.20975260416666666 0.17203125
0 0.3934505208333334 0.308125 0.16291666666666668 0.16578125
0 0.4986458333333333 0.3075390625 0.20252604166666666 0.170869140625
0 0.603828125 0.310859375 0.15881510416666667 0.1525
0 0.6902734375 0.328828125 0.1942578125 0.163427734375
0 0.9040494791666666 0.331572265625 0.18859375 0.150146484375
0 0.7902604166666666 0.330390625 0.18178385416666668 0.175927734375
0 0.9006510416666668 0.48556640625 0.16932291666666666 0.142216796875
0 0.808203125 0.464453125 0.07805989583333334 0.084375
0 0.7558854166666666 0.486884765625 0.15885416666666666 0.15748046875
0 0.6538020833333333 0.492548828125 0.17860677083333332 0.18755859375
0 0.5738671875 0.499580078125 0.15104166666666666 0.173486328125
0 0.4725651041666667 0.49416015625 0.17868489583333333 0.175048828125
0 0.3850911458333333 0.496455078125 0.1537109375 0.17974609375
0 0.2548958333333333 0.492021484375 0.24748697916666665 0.198095703125
0 0.12471354166666666 0.506025390625 0.23710937499999998 0.195751953125
0 0.020794270833333333 0.487646484375 0.041588541666666666 0.10271484375
0 0.03692708333333333 0.72484375 0.07385416666666667 0.18
0 0.066875 0.686357421875 0.13375 0.15931640625
0 0.20260416666666667 0.701005859375 0.2560677083333333 0.19486328125
0 0.34033854166666666 0.694365234375 0.206640625 0.17845703125
0 0.41194010416666665 0.690849609375 0.18322916666666667 0.17767578125
0 0.5236328124999999 0.689677734375 0.21502604166666664 0.18783203125
0 0.6298697916666667 0.66779296875 0.16923177083333332 0.169091796875
0 0.7095442708333333 0.66212890625 0.1661328125 0.160888671875
0 0.7975520833333333 0.65236328125 0.14638020833333334 0.141357421875
0 0.8683723958333333 0.640849609375 0.12557291666666667 0.1245703125
0 0.0695703125 0.9025390625 0.13912760416666667 0.194921875
0 0.16536458333333334 0.901845703125 0.202421875 0.19318359375
0 0.2645703125 0.882509765625 0.21755208333333334 0.17326171875
0 0.38407552083333335 0.873916015625 0.22332031249999998 0.174833984375
0 0.4819791666666667 0.87234375 0.17335937499999998 0.177958984375
0 0.5856119791666666 0.8487109375 0.20567708333333334 0.174453125
0 0.6944401041666667 0.83953125 0.18592447916666666 0.165478515625
0 0.7694270833333333 0.8385546875 0.18178385416666668 0.163525390625
0 0.8644661458333333 0.825068359375 0.1844140625 0.155322265625
0 0.9381901041666666 0.8401171875 0.12360677083333334 0.176025390625