0 0.2705078125 0.4583333333333333 0.0458984375 0.08463541666666667
0 0.294921875 0.4876302083333333 0.0556640625 0.07291666666666667
0 0.30322265625 0.521484375 0.056640625 0.046875
0 0.30615234375 0.4095052083333333 0.0546875 0.09114583333333333
0 0.3408203125 0.4739583333333333 0.05859375 0.08854166666666667
0 0.373046875 0.3958333333333333 0.0556640625 0.09635416666666667
0 0.37939453125 0.4368489583333333 0.0498046875 0.053385416666666664
0 0.39599609375 0.466796875 0.05859375 0.08203125
0 0.4560546875 0.4498697916666667 0.0595703125 0.08854166666666667
0 0.45361328125 0.4850260416666667 0.0361328125 0.07291666666666667
0 0.50146484375 0.5026041666666666 0.060546875 0.0859375
0 0.5 0.4348958333333333 0.0546875 0.08723958333333333
0 0.564453125 0.4459635416666667 0.0615234375 0.10286458333333333
0 0.58056640625 0.5052083333333334 0.05078125 0.078125
0 0.60546875 0.4889322916666667 0.0634765625 0.08203125
0 0.61865234375 0.439453125 0.064453125 0.07161458333333333