0 0.01025390625 0.2847730600292826 0.0205078125 0.07320644216691069
0 0.0302734375 0.2862371888726208 0.037109375 0.07174231332357248
0 0.04541015625 0.26500732064421667 0.04296875 0.07759882869692533
0 0.27734375 0.3330893118594436 0.029296875 0.0629575402635432
0 0.28173828125 0.2796486090775988 0.0341796875 0.05417276720351391
0 0.3037109375 0.32430453879941434 0.0322265625 0.06588579795021962
0 0.48388671875 0.3923865300146413 0.01953125 0.04685212298682284
0 0.62599609375 0.1063103953147877 0.101474609375 0.1925329428989751
0 0.69341796875 0.0383601756954612 0.10234375 0.0767203513909224
0 0.7684765625 0.10165446559297218 0.11025390625 0.20330893118594437
0 0.697060546875 0.16866764275256224 0.107998046875 0.22405563689604685
0 0.7274609375 0.31767203513909226 0.036494140625 0.040483162518301606
0 0.70751953125 0.3421376281112738 0.017333984375 0.031888726207906296