0 0.0361328125 0.9237536656891495 0.072265625 0.15102639296187684
0 0.18603515625 0.9904692082111437 0.0869140625 0.016129032258064516
0 0.4677734375 0.3526392961876833 0.0390625 0.12609970674486803
0 0.51806640625 0.33944281524926684 0.0859375 0.17008797653958943
0 0.5634765625 0.3709677419354839 0.072265625 0.1217008797653959
0 0.319189453125 0.3296627565982405 0.07970703125 0.10131964809384163
0 0.244970703125 0.30516129032258066 0.08435546875 0.14026392961876832
0 0.19908203125 0.34935483870967743 0.051171875 0.08205278592375367
0 0.22029296875 0.4276979472140762 0.084970703125 0.10480938416422288
0 0.2770703125 0.39878299120234606 0.080244140625 0.10398826979472141
0 0.342626953125 0.4295747800586511 0.066318359375 0.1219941348973607
0 0.203681640625 0.6133870967741936 0.091064453125 0.191158357771261
0 0.26828125 0.6619794721407625 0.089453125 0.13755131964809383
0 0.311103515625 0.7394721407624634 0.123779296875 0.1515542521994135
0 0.173828125 0.6999120234604105 0.115068359375 0.1589442815249267
0 0.1483203125 0.8224486803519061 0.10615234375 0.15318181818181817
0 0.245263671875 0.8052639296187684 0.110361328125 0.16241935483870967
0 0.03783203125 0.925425219941349 0.074658203125 0.14913489736070382
0 0.191826171875 0.991407624633431 0.103623046875 0.01717008797653959
0 0.93333984375 0.2416715542521994 0.102265625 0.19346041055718474
0 0.862060546875 0.27456011730205276 0.079697265625 0.13774193548387095
0 0.83095703125 0.305366568914956 0.092822265625 0.11973607038123167
0 0.9199609375 0.34747800586510263 0.080732421875 0.08246334310850441
0 0.939775390625 0.4406744868035191 0.11365234375 0.15425219941348975
0 0.824541015625 0.402375366568915 0.107880859375 0.11686217008797654