0 0.20263671875 0.16251830161054173 0.0439453125 0.043923865300146414
0 0.3291015625 0.4471742313323573 0.0234375 0.048316251830161056
0 0.34765625 0.4575402635431918 0.037109375 0.05710102489019034
0 0.45849609375 0.09882869692532943 0.166015625 0.19765739385065886
0 0.6005859375 0.06881405563689605 0.1396484375 0.1376281112737921
0 0.92138671875 0.06808199121522694 0.09765625 0.13469985358711567
0 0.92822265625 0.20863836017569545 0.09375 0.12445095168374817
0 0.9677734375 0.02635431918008785 0.0615234375 0.0527086383601757
0 0.97412109375 0.13396778916544655 0.048828125 0.12445095168374817
0 0.98388671875 0.06808199121522694 0.0302734375 0.10688140556368961
0 0.98681640625 0.22035139092240116 0.0244140625 0.1054172767203514
0 0.994140625 0.4560761346998536 0.009765625 0.060029282576866766