0 0.02685546875 0.8006134969325154 0.0537109375 0.1273006134969325
0 0.087890625 0.8105828220858896 0.099609375 0.1411042944785276
0 0.2373046875 0.8021472392638037 0.080078125 0.13190184049079753
0 0.33056640625 0.8044478527607362 0.099609375 0.13957055214723926
0 0.591796875 0.7208588957055214 0.099609375 0.12423312883435583
0 0.67578125 0.816717791411043 0.0537109375 0.10736196319018405
0 0.70849609375 0.6326687116564417 0.07421875 0.10736196319018405
0 0.71337890625 0.7384969325153374 0.083984375 0.1273006134969325
0 0.72998046875 0.8282208588957055 0.0771484375 0.09355828220858896
0 0.775390625 0.7323619631901841 0.0771484375 0.1303680981595092
0 0.78759765625 0.8328220858895705 0.0595703125 0.08128834355828221
0 0.96044921875 0.8151840490797546 0.0771484375 0.11503067484662577
0 0.95947265625 0.7047546012269938 0.0673828125 0.12269938650306748
0 0.9453125 0.7622699386503068 0.0166015625 0.03067484662576687
0 0.96923828125 0.651840490797546 0.0595703125 0.14877300613496933
0 0.990234375 0.7952453987730062 0.0166015625 0.11349693251533742