0 0.1478770131771596 0.37353515625 0.2108345534407028 0.19140625
0 0.24963396778916544 0.32177734375 0.24158125915080528 0.2197265625
0 0.30234260614934116 0.14892578125 0.23865300146412885 0.2021484375
0 0.3213762811127379 0.42431640625 0.06588579795021962 0.0498046875
0 0.41215226939970717 0.38623046875 0.21815519765739386 0.19140625
0 0.44143484626647145 0.2197265625 0.22547584187408493 0.2041015625
0 0.5373352855051244 0.29248046875 0.11859443631039532 0.166015625
0 0.6361639824304539 0.1591796875 0.20790629575402636 0.201171875
0 0.6281112737920937 0.28955078125 0.1815519765739385 0.1552734375
0 0.7379209370424598 0.19384765625 0.12298682284040996 0.1728515625
0 0.8396778916544656 0.20068359375 0.21522693997071743 0.2060546875