0 0.2587890625 0.31671554252199413 0.064453125 0.08651026392961877
0 0.25244140625 0.5205278592375366 0.0458984375 0.08944281524926687
0 0.260390625 0.40489736070381227 0.01953125 0.06451612903225806
0 0.28955078125 0.3614369501466276 0.0615234375 0.09530791788856305
0 0.30029296875 0.5109970674486803 0.0703125 0.10117302052785923
0 0.2822265625 0.29105571847507333 0.0283203125 0.04398826979472141
0 0.32177734375 0.28812316715542524 0.06640625 0.08504398826979472
0 0.3447265625 0.34824046920821117 0.060546875 0.09824046920821114
0 0.365234375 0.5432551319648093 0.064453125 0.093841642228739
0 0.37060546875 0.46920821114369504 0.056640625 0.054252199413489736
0 0.38623046875 0.29765395894428154 0.0576171875 0.06451612903225806
0 0.412109375 0.2837243401759531 0.0576171875 0.08504398826979472
0 0.41064453125 0.5219941348973607 0.0498046875 0.07331378299120235
0 0.42529296875 0.3687683284457478 0.0478515625 0.09824046920821114
0 0.447265625 0.46480938416422285 0.0390625 0.07917888563049853
0 0.46630859375 0.5190615835777126 0.064453125 0.10117302052785923
0 0.45556640625 0.3775659824046921 0.0400390625 0.09530791788856305
0 0.47119140625 0.2939882697947214 0.0634765625 0.10850439882697947
0 0.48974609375 0.39882697947214074 0.05859375 0.09090909090909091
0 0.5234375 0.5461876832844574 0.0537109375 0.10117302052785923
0 0.52734375 0.31671554252199413 0.0615234375 0.08651026392961877
0 0.53466796875 0.4574780058651026 0.0615234375 0.09090909090909091
0 0.5703125 0.5146627565982405 0.0615234375 0.07771260997067449
0 0.568359375 0.2727272727272727 0.048828125 0.03812316715542522
0 0.58154296875 0.3057184750733138 0.0576171875 0.0747800586510264
0 0.59423828125 0.5447214076246334 0.0419921875 0.08211143695014662