0 0.521240234375 0.567626953125 0.211435546875 0.281748046875
0 0.029716796875 0.5470703125 0.059423828125 0.247373046875
0 0.207802734375 0.57306640625 0.153232421875 0.248095703125
0 0.108701171875 0.41134765625 0.18935546875 0.2757421875
0 0.119296875 0.658427734375 0.193662109375 0.26234375
0 0.16533203125 0.688203125 0.1415234375 0.222314453125
0 0.264443359375 0.54669921875 0.202080078125 0.26861328125
0 0.33365234375 0.696875 0.196962890625 0.2484375
0 0.44568359375 0.643984375 0.16771484375 0.22634765625
0 0.5788671875 0.731533203125 0.18359375 0.25041015625
0 0.72861328125 0.375595703125 0.196455078125 0.25353515625
0 0.93298828125 0.364482421875 0.1340234375 0.272822265625
0 0.828330078125 0.609365234375 0.17861328125 0.24328125