0 0.03404296875 0.04220052083333333 0.063642578125 0.08438802083333334
0 0.083525390625 0.029166666666666664 0.071767578125 0.05833333333333333
0 0.152685546875 0.04893229166666666 0.066904296875 0.08830729166666666
0 0.105654296875 0.099921875 0.0665625 0.06579427083333333
0 0.038212890625 0.11467447916666666 0.076435546875 0.07794270833333333
0 0.14763671875 0.13640625 0.0672265625 0.059270833333333335
0 0.200693359375 0.20434895833333333 0.071806640625 0.08665364583333333
0 0.14501953125 0.200234375 0.078583984375 0.09143229166666667
0 0.089375 0.153984375 0.057119140625 0.072734375
0 0.07439453125 0.23865885416666666 0.092275390625 0.09449218749999999
0 0.04529296875 0.19089843750000002 0.090595703125 0.06841145833333333
0 0.15349609375 0.2881119791666667 0.0945703125 0.10171875000000001
0 0.093125 0.31330729166666665 0.0597265625 0.08259114583333334
0 0.04951171875 0.36040364583333334 0.084443359375 0.10036458333333333
0 0.13869140625 0.37256510416666666 0.075361328125 0.0760546875
0 0.16927734375 0.35954427083333335 0.040224609375 0.06736979166666666
0 0.7982421875 0.5583984375000001 0.02955078125 0.05604166666666666
0 0.832099609375 0.5612239583333333 0.045966796875 0.07123697916666667
0 0.8724609375 0.5955208333333334 0.056396484375 0.06170572916666667
0 0.824453125 0.6297916666666666 0.06451171875 0.10411458333333333
0 0.871162109375 0.6521614583333334 0.0928515625 0.06893229166666666
0 0.865947265625 0.7033854166666668 0.082431640625 0.07412760416666667
0 0.821845703125 0.75375 0.056708984375 0.07756510416666666
0 0.911025390625 0.7268359375000001 0.060634765625 0.061953125
0 0.874248046875 0.8266927083333333 0.049560546875 0.05321614583333333
0 0.82119140625 0.8193098958333334 0.0423828125 0.045390625
0 0.79515625 0.7997916666666667 0.03052734375 0.049231770833333334
0 0.800849609375 0.8651171875 0.043349609375 0.0848828125
0 0.802158203125 0.9456510416666667 0.040751953125 0.0930859375
0 0.845283203125 0.9202604166666667 0.03587890625 0.05272135416666667
0 0.210458984375 0.8646875 0.06529296875 0.05970052083333333
0 0.14876953125 0.8701302083333333 0.09453125 0.10311197916666666
0 0.181962890625 0.7819921875000001 0.06978515625 0.07440104166666667
0 0.1412890625 0.7841666666666667 0.033994140625 0.07006510416666667
0 0.146005859375 0.7945833333333333 0.037939453125 0.03881510416666666
0 0.154462890625 0.7212239583333333 0.109169921875 0.10910156250000001
0 0.212734375 0.6843098958333332 0.06724609375 0.07868489583333334
0 0.23974609375 0.7531249999999999 0.04578125 0.09045572916666667
0 0.169111328125 0.6137630208333333 0.079873046875 0.09819010416666667
0 0.23291015625 0.6350130208333333 0.052939453125 0.076328125
0 0.214677734375 0.5627473958333333 0.053828125 0.09598958333333334