0 0.17705078125 0.13622418879056047 0.035 0.052477876106194685
0 0.20048828125 0.16045722713864308 0.01857421875 0.037743362831858404
0 0.17732421875 0.1794395280235988 0.02998046875 0.05039823008849558
0 0.19783203125 0.20283185840707965 0.02666015625 0.0508259587020649
0 0.166728515625 0.20492625368731562 0.01994140625 0.029764011799410028
0 0.15947265625 0.24056047197640118 0.02775390625 0.04622418879056047
0 0.1847265625 0.22536873156342185 0.036142578125 0.051592920353982295
0 0.202998046875 0.2508702064896755 0.030283203125 0.05536873156342183
0 0.16923828125 0.26606194690265483 0.030537109375 0.04243362831858407
0 0.190166015625 0.28016224188790556 0.0336328125 0.05998525073746313
0 0.19169921875 0.3174778761061947 0.0277734375 0.04014749262536873
0 0.229912109375 0.32442477876106196 0.023876953125 0.030457227138643066
0 0.185 0.3396017699115044 0.03 0.033820058997050144
0 0.222802734375 0.2871238938053097 0.029736328125 0.03342182890855457
0 0.473037109375 0.2420353982300885 0.0298828125 0.03651917404129794
0 0.4953515625 0.22790560471976404 0.029873046875 0.05464601769911504
0 0.517255859375 0.20113569321533925 0.026240234375 0.04746312684365782
0 0.475830078125 0.3115781710914454 0.024306640625 0.03234513274336283
0 0.493818359375 0.2601622418879056 0.03517578125 0.04749262536873157
0 0.52939453125 0.22579646017699115 0.024814453125 0.025132743362831857
0 0.52673828125 0.27216814159292035 0.01951171875 0.033584070796460176
0 0.5178125 0.289646017699115 0.0284375 0.0452212389380531
0 0.51404296875 0.25045722713864305 0.028193359375 0.03653392330383481