0 0.04931640625 0.4340175953079179 0.048828125 0.09090909090909091
0 0.04931640625 0.47653958944281527 0.0400390625 0.05571847507331378
0 0.09326171875 0.4567448680351906 0.046875 0.09824046920821114
0 0.20703125 0.024193548387096774 0.0859375 0.04838709677419355
0 0.2763671875 0.34237536656891493 0.0537109375 0.14076246334310852
0 0.31396484375 0.3284457478005865 0.0732421875 0.16715542521994134
0 0.3642578125 0.34384164222873903 0.0556640625 0.1378299120234604
0 0.353515625 0.4912023460410557 0.0322265625 0.08064516129032258
0 0.3525390625 0.5263929618768328 0.0283203125 0.05571847507331378
0 0.3837890625 0.5036656891495601 0.03515625 0.04838709677419355
0 0.50537109375 0.4640762463343108 0.0341796875 0.09090909090909091
0 0.52783203125 0.4838709677419355 0.0224609375 0.07771260997067449
0 0.54541015625 0.5065982404692082 0.0361328125 0.08211143695014662
0 0.91650390625 0.436950146627566 0.0546875 0.11143695014662756
0 0.94580078125 0.24193548387096775 0.10546875 0.21994134897360704
0 0.9296875 0.5175953079178885 0.021484375 0.04398826979472141
0 0.96044921875 0.33357771260997066 0.06640625 0.1187683284457478
0 0.94189453125 0.533724340175953 0.0068359375 0.04252199413489736
0 0.95654296875 0.43548387096774194 0.0302734375 0.11436950146627566
0 0.97021484375 0.4655425219941349 0.056640625 0.10850439882697947
0 0.958984375 0.5505865102639296 0.013671875 0.03372434017595308
0 0.974609375 0.5051319648093842 0.0263671875 0.05865102639296188
0 0.98779296875 0.5417888563049853 0.021484375 0.026392961876832845