0 0.13021484375 0.8264973958333334 0.0639453125 0.1069921875
0 0.1844140625 0.8547135416666666 0.065283203125 0.0679296875
0 0.15771484375 0.9157161458333333 0.063603515625 0.06406250000000001
0 0.218916015625 0.9224479166666667 0.0744140625 0.08186197916666667
0 0.187353515625 0.9764713541666666 0.09197265625 0.04704427083333334
0 0.489853515625 0.7299088541666667 0.086611328125 0.14384114583333332
0 0.351044921875 0.7392317708333334 0.13775390625 0.09739583333333333
0 0.575615234375 0.7251302083333333 0.118154296875 0.1776953125
0 0.7020703125 0.7878515625000001 0.05529296875 0.09046875
0 0.7687890625 0.8006640625 0.0650390625 0.08570312499999999
0 0.846083984375 0.8180338541666666 0.066640625 0.08571614583333333
0 0.801826171875 0.8097786458333333 0.04322265625 0.06053385416666667
0 0.947890625 0.8071875 0.104228515625 0.12477864583333333
0 0.94056640625 0.7199218749999999 0.118876953125 0.16727864583333332