0 0.711923828125 0.10438802083333333 0.15982421875 0.20877604166666666
0 0.0426953125 0.0980078125 0.085390625 0.19513020833333336
0 0.154638671875 0.07716145833333334 0.14111328125 0.15345052083333333
0 0.11216796875 0.18440104166666668 0.13166015625 0.20299479166666667
0 0.2176171875 0.1802734375 0.103056640625 0.17304687500000002
0 0.014130859375 0.2269140625 0.028271484375 0.13912760416666667
0 0.199716796875 0.40552083333333333 0.145361328125 0.34
0 0.033662109375 0.6716666666666667 0.06732421875 0.2677734375
0 0.17267578125 0.8182942708333334 0.184677734375 0.35966145833333335
0 0.245126953125 0.9147135416666666 0.220556640625 0.17057291666666666
0 0.06287109375 0.888671875 0.1257421875 0.22265625
0 0.50515625 0.22606770833333334 0.071630859375 0.13009114583333334
0 0.4747265625 0.34111979166666667 0.0726171875 0.12580729166666668
0 0.539501953125 0.333046875 0.0777734375 0.12903645833333333
0 0.681396484375 0.33679687500000005 0.1408984375 0.2734244791666667
0 0.09701171875 0.43190104166666665 0.192841796875 0.42022135416666667