0 0.108134765625 0.022352941176470586 0.10365234375 0.044691176470588234
0 0.485029296875 0.011000000000000001 0.081767578125 0.016941176470588234
0 0.391298828125 0.008470588235294117 0.061708984375 0.011897058823529412
0 0.205810546875 0.2559558823529412 0.32599609375 0.4258970588235294
0 0.595498046875 0.8609264705882352 0.179931640625 0.2781470588235294
0 0.8340234375 0.9771029411764706 0.05990234375 0.045794117647058825
0 0.8626171875 0.9676470588235294 0.0696484375 0.06470588235294118
0 0.7306640625 0.8696617647058824 0.045703125 0.07880882352941176
0 0.70166015625 0.8393970588235293 0.03232421875 0.05189705882352941
0 0.71685546875 0.7702647058823529 0.026455078125 0.08589705882352941
0 0.06126953125 0.9844558823529411 0.088046875 0.03108823529411765
0 0.598427734375 0.14635294117647057 0.149521484375 0.22044117647058825