0 0.01903367496339678 0.642578125 0.03806734992679356 0.068359375
0 0.024158125915080528 0.58837890625 0.048316251830161056 0.068359375
0 0.0636896046852123 0.58349609375 0.10248901903367497 0.056640625
0 0.05710102489019034 0.6279296875 0.06149341142020498 0.037109375
0 0.05856515373352855 0.5380859375 0.03806734992679356 0.0390625
0 0.10980966325036604 0.5390625 0.08784773060029283 0.068359375
0 0.1295754026354319 0.6142578125 0.09077598828696926 0.0615234375
0 0.14714494875549047 0.556640625 0.09809663250366032 0.0595703125
0 0.17789165446559296 0.57275390625 0.0951683748169839 0.0380859375
0 0.20790629575402636 0.60302734375 0.08784773060029283 0.0634765625
0 0.22547584187408493 0.5322265625 0.09224011713030747 0.0712890625
0 0.29941434846266474 0.57177734375 0.0951683748169839 0.06640625
0 0.30380673499267935 0.5 0.06881405563689605 0.0546875
0 0.3389458272327965 0.5234375 0.0849194729136164 0.0615234375
0 0.3806734992679356 0.56787109375 0.0849194729136164 0.0615234375
0 0.3989751098096633 0.6318359375 0.0746705710102489 0.0595703125
0 0.4224011713030747 0.513671875 0.0849194729136164 0.0791015625
0 0.4443631039531479 0.60693359375 0.1054172767203514 0.072265625
0 0.4575402635431918 0.546875 0.0849194729136164 0.05859375
0 0.5226939970717424 0.56396484375 0.09224011713030747 0.072265625
0 0.541727672035139 0.6416015625 0.11273792093704246 0.0849609375
0 0.609809663250366 0.58642578125 0.11420204978038068 0.072265625
0 0.6185944363103953 0.6416015625 0.055636896046852125 0.0654296875
0 0.6793557833089312 0.6240234375 0.10248901903367497 0.0751953125
0 0.6837481698389458 0.5537109375 0.08784773060029283 0.068359375
0 0.7620790629575402 0.56787109375 0.1054172767203514 0.0751953125
0 0.7723279648609077 0.630859375 0.09809663250366032 0.064453125
0 0.83601756954612 0.59521484375 0.09224011713030747 0.0615234375
0 0.8806734992679356 0.45263671875 0.1171303074670571 0.0771484375
0 0.8748169838945827 0.6494140625 0.09809663250366032 0.068359375
0 0.8821376281112738 0.55908203125 0.11273792093704246 0.072265625
0 0.904099560761347 0.36962890625 0.10248901903367497 0.068359375
0 0.9370424597364568 0.60546875 0.09956076134699854 0.0615234375
0 0.9648609077598829 0.4267578125 0.06734992679355783 0.080078125
0 0.972913616398243 0.5537109375 0.04978038067349927 0.08203125
0 0.9875549048316252 0.6328125 0.021961932650073207 0.068359375
0 0.9890190336749634 0.49365234375 0.01903367496339678 0.0458984375