0 0.24674479166666666 0.2470703125 0.1796875 0.126953125
0 0.20442708333333334 0.18701171875 0.09375 0.0390625
0 0.267578125 0.12646484375 0.16015625 0.13671875
0 0.3463541666666667 0.23291015625 0.15234375 0.138671875
0 0.3515625 0.07421875 0.14322916666666666 0.1484375
0 0.3678385416666667 0.29052734375 0.06770833333333333 0.02734375
0 0.431640625 0.1669921875 0.16015625 0.1435546875
0 0.4427083333333333 0.322265625 0.09114583333333333 0.0615234375
0 0.4986979166666667 0.27392578125 0.18229166666666666 0.1298828125
0 0.4583333333333333 0.244140625 0.09765625 0.09765625
0 0.4453125 0.08447265625 0.049479166666666664 0.0302734375
0 0.515625 0.06982421875 0.14583333333333334 0.1396484375
0 0.5592447916666666 0.296875 0.11328125 0.087890625
0 0.5774739583333334 0.16015625 0.14973958333333334 0.1279296875
0 0.6015625 0.220703125 0.06640625 0.0478515625