0 0.06837499999999999 0.08201936376210235 0.07725 0.0747579529737206
0 0.248390625 0.30990318118948823 0.0643125 0.05918395573997234
0 0.3803125 0.4941908713692946 0.04903125 0.04775933609958506
0 0.5110781249999999 0.5917842323651452 0.045484375 0.045684647302904564
0 0.617203125 0.6929875518672198 0.04428125 0.038437067773167355
0 0.6758437500000001 0.7620470262793915 0.037234375 0.035297372060857535
0 0.758078125 0.8451175656984785 0.03509375 0.03254495159059474
0 0.8038281250000001 0.9124619640387276 0.032734374999999996 0.030816044260027663
0 0.7596406250000001 0.948118948824343 0.031968750000000004 0.030816044260027663
0 0.622765625 0.9401659751037345 0.03121875 0.030124481327800833
0 0.49957812500000004 0.9131535269709544 0.03359375 0.034273858921161825
0 0.344875 0.8965421853388659 0.035515625 0.03496542185338866
0 0.165171875 0.8913416320885201 0.039859375 0.034273858921161825
0 0.888921875 0.9685477178423236 0.031609375 0.029432918395574
0 0.9280312500000001 0.9918118948824344 0.03315625 0.016390041493775934