0 0.4368125 0.21841319444444443 0.10734375 0.07883333333333332
0 0.41213541666666664 0.2860347222222222 0.10463541666666668 0.07015277777777777
0 0.5379635416666667 0.20232291666666669 0.1024375 0.09582638888888889
0 0.6434531250000001 0.189125 0.10403645833333333 0.09185069444444444
0 0.6049427083333333 0.22926388888888888 0.111640625 0.09402083333333332
0 0.7050104166666666 0.24788541666666666 0.09697395833333333 0.08353125
0 0.6811458333333333 0.2759097222222222 0.11758854166666667 0.0860625
0 0.5181666666666667 0.2730173611111111 0.10190104166666666 0.07883333333333332
0 0.565625 0.2912777777777778 0.114359375 0.08136458333333334
0 0.4547083333333333 0.3138784722222222 0.12035416666666668 0.08172569444444444
0 0.5073229166666666 0.3478715277777778 0.09647916666666667 0.06436805555555555
0 0.6052135416666666 0.3203888888888889 0.09157291666666666 0.07160069444444445
0 0.724546875 0.319125 0.13082291666666668 0.07702430555555556
0 0.6461770833333333 0.35709375000000004 0.11181770833333333 0.07774652777777778
0 0.5357916666666667 0.36975 0.10894270833333333 0.07413194444444444
0 0.584890625 0.39903819444444444 0.09661979166666666 0.06617361111111111
0 0.66596875 0.3791527777777778 0.098265625 0.052434027777777774