0 0.030697916666666665 0.5087421875 0.061390625000000004 0.23139062500000002
0 0.25367708333333333 0.6085859375 0.1655625 0.2573828125
0 0.5338854166666667 0.7398203125 0.19177604166666665 0.28907812499999996
0 0.41345312500000003 0.607953125 0.15377083333333333 0.2307578125
0 0.34267187499999996 0.091921875 0.15420833333333334 0.18384375
0 0.3283020833333333 0.50240625 0.128859375 0.195890625
0 0.4527552083333333 0.5271250000000001 0.13601041666666666 0.1667265625
0 0.39612499999999995 0.33218749999999997 0.13433333333333333 0.251046875
0 0.4916302083333333 0.3914609375 0.162203125 0.2630859375
0 0.5856510416666667 0.5138125 0.18542187499999999 0.2808359375
0 0.6099687500000001 0.48021874999999997 0.14208333333333334 0.21237499999999998
0 0.6431406249999999 0.4386953125 0.09095833333333332 0.13946875
0 0.7435052083333333 0.501765625 0.13113020833333333 0.19335156250000002
0 0.7553593749999999 0.5670625 0.15982812500000002 0.2250546875
0 0.7445833333333333 0.6444062500000001 0.18644791666666669 0.293515625