0 0.5029467729493443 0.14614178445229684 0.17872975057855492 0.2087742932862191
0 0.36702751349961427 0.22950088339222616 0.18361275392131654 0.18153931095406362
0 0.6367626639238878 0.21007729681978798 0.18145538698894317 0.17361086572438164
0 0.569853432759064 0.3018374558303887 0.18512985343275906 0.19541077738515902
0 0.6997480071997944 0.2731007067137809 0.14040113139624583 0.0903732332155477
0 0.7142890203137053 0.34603356890459364 0.2036230393417331 0.16172040636042403
0 0.3859449730007714 0.340881183745583 0.19652867060941115 0.1839178445229682
0 0.3344947287220365 0.3795273851590106 0.17669838004628438 0.14308966431095405
0 0.5283054769863718 0.3573299469964664 0.1434301877089226 0.15339664310954065
0 0.44825662123939314 0.2776590106007067 0.06651067112368218 0.06778047703180212
0 0.47801748521470816 0.23663427561837455 0.06882231936230393 0.06341872791519435