0 0.27232796486090777 0.2900390625 0.14494875549048317 0.12109375
0 0.015856515373352854 0.278525390625 0.03172767203513909 0.118525390625
0 0.15560761346998536 0.331728515625 0.10568081991215228 0.094208984375
0 0.4085505124450952 0.148349609375 0.3015373352855051 0.205185546875
0 0.41491947291361636 0.2323828125 0.22382137628111273 0.13419921875
0 0.9527379209370425 0.1601953125 0.09453879941434845 0.11361328125
0 0.9349194729136163 0.20578125 0.13017569546120059 0.120390625
0 0.6857979502196193 0.2241015625 0.22882869692532942 0.16060546875
0 0.7755051244509517 0.241953125 0.14944363103953148 0.1190625
0 0.676896046852123 0.3134765625 0.17560761346998535 0.137197265625
0 0.810805270863836 0.428828125 0.11626647144948755 0.093505859375
0 0.6151830161054173 0.403857421875 0.19986822840409954 0.149326171875
0 0.9906002928257688 0.41921875 0.018814055636896046 0.075458984375
0 0.7277159590043923 0.48876953125 0.11489019033674963 0.09453125