0 0.66064453125 0.43231932773109244 0.02494140625 0.061663865546218485
0 0.629345703125 0.481109243697479 0.029619140625 0.06959663865546217
0 0.60994140625 0.5288235294117647 0.02986328125 0.08285714285714285
0 0.661240234375 0.4805042016806722 0.02177734375 0.05719327731092437
0 0.672568359375 0.5084873949579832 0.02716796875 0.06085714285714286
0 0.733505859375 0.465344537815126 0.018759765625 0.04926050420168067
0 0.725107421875 0.5233613445378151 0.022109375 0.04413445378151261
0 0.736552734375 0.4953445378151261 0.017958984375 0.03665546218487395
0 0.50326171875 0.3569915966386555 0.0570703125 0.12512605042016808
0 0.475517578125 0.4494453781512605 0.050166015625 0.11035294117647058
0 0.506767578125 0.5217142857142857 0.053955078125 0.12858823529411764
0 0.34697265625 0.46450420168067225 0.024873046875 0.06497478991596638
0 0.3590625 0.5053949579831932 0.02171875 0.05115966386554622
0 0.35376953125 0.5369915966386555 0.027568359375 0.05625210084033613
0 0.11728515625 0.12485714285714286 0.125244140625 0.2422521008403361
0 0.11447265625 0.3281344537815126 0.127880859375 0.278890756302521
0 0.179013671875 0.5205714285714286 0.111708984375 0.23406722689075632
0 0.04578125 0.4260840336134454 0.040849609375 0.08994957983193277
0 0.06642578125 0.5376134453781513 0.04162109375 0.09253781512605043
0 0.062216796875 0.49485714285714283 0.036806640625 0.07803361344537815