0 0.755859375 0.13689604685212298 0.125 0.26061493411420206
0 0.80669921875 0.7179209370424597 0.039404296875 0.08380673499267936
0 0.21720703125 0.0224597364568082 0.14880859375 0.0449194729136164
0 0.374541015625 0.32421669106881407 0.2291015625 0.4526500732064422
0 0.586591796875 0.3275549048316252 0.18384765625 0.42587115666178627
0 0.165595703125 0.3633382137628111 0.207412109375 0.4179502196193265
0 0.417255859375 0.47579795021961935 0.115166015625 0.21885797950219618
0 0.41265625 0.5452562225475842 0.1662109375 0.2472767203513909
0 0.557431640625 0.5835724743777452 0.060810546875 0.09954612005856514
0 0.5150390625 0.6092825768667642 0.12328125 0.26146412884333825
0 0.4452734375 0.5929575402635432 0.116640625 0.29244509516837486
0 0.40623046875 0.6335578330893119 0.084189453125 0.24638360175695462
0 0.353212890625 0.6088579795021962 0.122265625 0.2706734992679356
0 0.258779296875 0.618696925329429 0.12591796875 0.26355783308931185