0 0.02880859375 0.58203125 0.0576171875 0.325
0 0.07861328125 0.1734375 0.1572265625 0.346875
0 0.130859375 0.89765625 0.26171875 0.2015625
0 0.126953125 0.390625 0.2177734375 0.3328125
0 0.1962890625 0.66328125 0.25 0.3875
0 0.15478515625 0.04609375 0.10546875 0.0921875
0 0.28369140625 0.1515625 0.2255859375 0.303125
0 0.35986328125 0.875 0.2216796875 0.246875
0 0.38720703125 0.4125 0.2666015625 0.4265625
0 0.54052734375 0.1671875 0.2216796875 0.334375
0 0.56201171875 0.69921875 0.25390625 0.4046875
0 0.61 0.921875 0.271484375 0.1515625
0 0.650390625 0.40703125 0.2314453125 0.35625
0 0.7646484375 0.1765625 0.236328125 0.353125
0 0.83544921875 0.60546875 0.2529296875 0.371875
0 0.853515625 0.8765625 0.2529296875 0.24375
0 0.90966796875 0.34375 0.177734375 0.3828125
0 0.530400390625 0.06476562500000001 0.1869140625 0.12953125000000001