0 0.404296875 0.4765739385065886 0.072265625 0.12005856515373353
0 0.127802734375 0.17142020497803806 0.05091796875 0.061742313323572474
0 0.224892578125 0.2228989751098097 0.0553515625 0.07265007320644216
0 0.340380859375 0.18481698389458273 0.051962890625 0.07178623718887263
0 0.430634765625 0.3469692532942899 0.0566796875 0.06560761346998537
0 0.473173828125 0.2346120058565154 0.0496875 0.07935578330893119
0 0.50150390625 0.27918008784773063 0.05828125 0.09736456808199122
0 0.591328125 0.2756222547584187 0.057197265625 0.077701317715959
0 0.55283203125 0.3381551976573939 0.056064453125 0.07751098096632503
0 0.514052734375 0.4195461200585652 0.06107421875 0.08625183016105417
0 0.550458984375 0.44945827232796487 0.04685546875 0.105900439238653