0 0.154296875 0.3658854166666667 0.0859375 0.13671875
0 0.172646484375 0.4639583333333333 0.07787109375 0.09424479166666666
0 0.2041015625 0.4661458333333333 0.0791015625 0.10416666666666667
0 0.223125 0.2865755208333333 0.0800390625 0.11565104166666666
0 0.199443359375 0.3658463541666667 0.065947265625 0.10684895833333334
0 0.263671875 0.3111979166666667 0.0859375 0.13932291666666666
0 0.263759765625 0.3777734375 0.085859375 0.08018229166666667
0 0.2734375 0.4557291666666667 0.0654296875 0.08984375
0 0.492158203125 0.19459635416666665 0.051396484375 0.09157552083333333
0 0.458798828125 0.23393229166666665 0.048857421875 0.0883984375
0 0.51515625 0.22860677083333333 0.05607421875 0.09634114583333332
0 0.58861328125 0.19216145833333334 0.054580078125 0.08296875
0 0.63427734375 0.23119791666666667 0.05220703125 0.07921875
0 0.583076171875 0.25959635416666665 0.057451171875 0.08391927083333334
0 0.736611328125 0.047903645833333335 0.069072265625 0.0958203125
0 0.790673828125 0.037083333333333336 0.0789453125 0.07415364583333334
0 0.84376953125 0.0487890625 0.05033203125 0.097578125
0 0.912265625 0.03756510416666667 0.065546875 0.07513020833333334
0 0.138984375 0.2950651041666667 0.09455078125 0.11367187499999999