0 0.5869140625 0.3168402777777778 0.08984375 0.1996527777777778
0 0.88681640625 0.14234375 0.1342578125 0.21869791666666666
0 0.9083203125 0.5011111111111111 0.0659375 0.14803819444444444
0 0.72251953125 0.4407465277777778 0.073251953125 0.1523263888888889
0 0.655224609375 0.4215625 0.081240234375 0.16255208333333332
0 0.6265234375 0.4996354166666667 0.041396484375 0.10690972222222223
0 0.430185546875 0.40543402777777776 0.094052734375 0.22060763888888887
0 0.380986328125 0.4275173611111111 0.036669921875 0.1015625
0 0.240302734375 0.29399305555555555 0.032646484375 0.09493055555555556
0 0.26380859375 0.31472222222222224 0.034736328125 0.08777777777777779
0 0.284755859375 0.31677083333333333 0.025830078125 0.07104166666666667
0 0.292236328125 0.3684548611111111 0.037333984375 0.0772048611111111
0 0.254033203125 0.36947916666666664 0.036669921875 0.061892361111111106
0 0.236982421875 0.3900173611111111 0.02599609375 0.07517361111111111
0 0.255 0.46151041666666665 0.061015625 0.14871527777777777
0 0.158154296875 0.5234895833333333 0.05744140625 0.11991319444444443
0 0.066826171875 0.3794444444444445 0.07603515625 0.1825
0 0.033486328125 0.40562499999999996 0.06697265625 0.30430555555555555