0 0.26708984375 0.8001464128843339 0.1484375 0.2986822840409956
0 0.287216796875 0.58402635431918 0.087890625 0.14641288433382138
0 0.40576171875 0.6749633967789166 0.171875 0.23865300146412885
0 0.354599609375 0.5987408491947291 0.06912109375 0.09923865300146413
0 0.424697265625 0.5453001464128844 0.05685546875 0.08475841874084919
0 0.54931640625 0.616398243045388 0.076171875 0.13616398243045388
0 0.54833984375 0.513177159590044 0.0517578125 0.10834553440702782
0 0.6220703125 0.5571010248901903 0.0966796875 0.1478770131771596
0 0.61962890625 0.8345534407027818 0.0400390625 0.05856515373352855
0 0.65861328125 0.8030161054172767 0.0361328125 0.05746705710102489
0 0.654462890625 0.6273792093704246 0.05142578125 0.08199121522693997
0 0.69189453125 0.7780234260614934 0.0771484375 0.13323572474377746
0 0.6879296875 0.832108345534407 0.05587890625 0.08833089311859443
0 0.7577734375 0.8033821376281113 0.064697265625 0.088696925329429
0 0.798662109375 0.7983894582723279 0.04296875 0.06187408491947291
0 0.8087109375 0.8204685212298682 0.044189453125 0.054538799414348464
0 0.924560546875 0.7379209370424598 0.0584375 0.10102489019033675
0 0.4706640625 0.49062957540263546 0.04068359375 0.065900439238653
0 0.4444140625 0.48147877013177165 0.022392578125 0.05004392386530015
0 0.6662109375 0.7234407027818448 0.032900390625 0.05674963396778916