0 0.0107421875 0.40739583333333335 0.021484375 0.09016927083333333
0 0.02380859375 0.5983072916666666 0.047607421875 0.14973958333333334
0 0.1123046875 0.3147786458333333 0.0615234375 0.1015625
0 0.1650390625 0.544921875 0.060546875 0.0859375
0 0.24365234375 0.2594401041666667 0.07421875 0.09635416666666667
0 0.3935546875 0.68359375 0.1259765625 0.19791666666666666
0 0.36279296875 0.4404296875 0.060546875 0.08528645833333333
0 0.36865234375 0.16145833333333334 0.025390625 0.044270833333333336
0 0.3974609375 0.091796875 0.0244140625 0.048177083333333336
0 0.416015625 0.11002604166666667 0.029296875 0.05859375
0 0.465703125 0.2620442708333333 0.105224609375 0.14388020833333334
0 0.45947265625 0.02734375 0.0302734375 0.049479166666666664
0 0.55029296875 0.333984375 0.041015625 0.06510416666666667
0 0.59033203125 0.11979166666666667 0.0234375 0.045572916666666664
0 0.607421875 0.07747395833333333 0.0517578125 0.07421875
0 0.634765625 0.3040364583333333 0.08984375 0.11979166666666667
0 0.697265625 0.21875 0.044921875 0.06380208333333333
0 0.81103515625 0.24479166666666666 0.037109375 0.052083333333333336
0 0.8271484375 0.2708333333333333 0.046875 0.061197916666666664
0 0.8447265625 0.15950520833333334 0.0302734375 0.0546875
0 0.85791015625 0.2265625 0.03515625 0.057291666666666664
0 0.8984375 0.24674479166666666 0.0791015625 0.11458333333333333
0 0.9384765625 0.19140625 0.02734375 0.041666666666666664
0 0.9423828125 0.23177083333333334 0.0244140625 0.04296875
0 0.9638671875 0.126953125 0.06640625 0.07552083333333333
0 0.9892578125 0.189453125 0.0185546875 0.06901041666666667
0 0.5497265625 0.41537760416666664 0.0396875 0.06588541666666667
0 0.211376953125 0.3153515625 0.031865234375 0.053828125000000004
0 0.02400390625 0.47040364583333333 0.047626953125 0.0666796875