0 0.0048828125 0.1603221083455344 0.009765625 0.06149341142020498
0 0.013671875 0.2595900439238653 0.02734375 0.03572474377745241
0 0.02392578125 0.22547584187408493 0.0478515625 0.0849194729136164
0 0.0302734375 0.06734992679355783 0.060546875 0.13469985358711567
0 0.031591796875 0.16159590043923866 0.063193359375 0.0887701317715959
0 0.857421875 0.06149341142020498 0.16015625 0.12298682284040996
0 0.81982421875 0.14714494875549047 0.060546875 0.07759882869692533
0 0.81201171875 0.21961932650073207 0.029296875 0.06881405563689605
0 0.84130859375 0.20644216691068815 0.060546875 0.08931185944363104
0 0.875 0.14128843338213762 0.056640625 0.08784773060029283
0 0.8974609375 0.20351390922401172 0.0634765625 0.0849194729136164
0 0.9111328125 0.1390922401171303 0.05078125 0.08052708638360176