0 0.7041015625 0.4682284040995608 0.045908203125 0.09165446559297219
0 0.72607421875 0.3857979502196193 0.04296875 0.09956076134699854
0 0.72509765625 0.46925329428989754 0.036142578125 0.0951683748169839
0 0.7900390625 0.10029282576866765 0.1240234375 0.2005856515373353
0 0.747265625 0.42752562225475843 0.0244140625 0.05884333821376281
0 0.83642578125 0.19546120058565153 0.1240234375 0.2562225475841874
0 0.90673828125 0.3945827232796486 0.0283203125 0.055636896046852125
0 0.91796875 0.4377745241581259 0.029296875 0.06442166910688141
0 0.9384765625 0.4363103953147877 0.0234375 0.05856515373352855
0 0.44892578125 0.30759882869692534 0.03478515625 0.07096632503660322
0 0.438359375 0.3665446559297218 0.03283203125 0.07682284040995607
0 0.475908203125 0.2983601756954612 0.032041015625 0.0624597364568082
0 0.471806640625 0.3643484626647145 0.03947265625 0.09178623718887262
0 0.50005859375 0.3405856515373353 0.04474609375 0.09764275256222547
0 0.5170703125 0.40538799414348464 0.04513671875 0.09998535871156662