0 0.20654296875 0.3367496339677892 0.0546875 0.08052708638360176
0 0.24072265625 0.1595900439238653 0.0595703125 0.09224011713030747
0 0.28759765625 0.23718887262079064 0.0537109375 0.08199121522693997
0 0.32421875 0.203601756954612 0.033203125 0.05254758418740849
0 0.43701171875 0.04538799414348463 0.0810546875 0.09077598828696926
0 0.476875 0.14004392386530015 0.047958984375 0.0786090775988287
0 0.5771484375 0.23133235724743778 0.0439453125 0.07906295754026355
0 0.66716796875 0.15071742313323572 0.039775390625 0.06503660322108346
0 0.750361328125 0.18093704245973646 0.03384765625 0.06024890190336749
0 0.785703125 0.21489019033674964 0.027080078125 0.04437774524158126
0 0.81689453125 0.12518301610541727 0.0458984375 0.06149341142020498
0 0.8369140625 0.17569546120058566 0.0390625 0.055636896046852125
0 0.822353515625 0.11628111273792094 0.028369140625 0.043455344070278186
0 0.85791015625 0.11200585651537336 0.052734375 0.08052708638360176