0 0.029296875 0.7276720351390923 0.05859375 0.3308931185944363
0 0.07080078125 0.26281112737920936 0.1416015625 0.5051244509516838
0 0.12548828125 0.8645680819912153 0.2509765625 0.2664714494875549
0 0.1064453125 0.04319180087847731 0.189453125 0.08638360175695461
0 0.17822265625 0.6046852122986823 0.30078125 0.4480234260614934
0 0.287109375 0.232796486090776 0.3046875 0.465592972181552
0 0.39404296875 0.8074670571010248 0.3515625 0.3821376281112738
0 0.5390625 0.465592972181552 0.3408203125 0.5051244509516838
0 0.42529296875 0.13030746705710103 0.0986328125 0.26061493411420206
0 0.630859375 0.17935578330893118 0.3125 0.35871156661786235
0 0.72216796875 0.7935578330893118 0.32421875 0.4084919472913616
0 0.783203125 0.6273792093704246 0.1875 0.24011713030746706
0 0.84765625 0.39970717423133234 0.302734375 0.49194729136163984
0 0.88720703125 0.1259150805270864 0.22265625 0.2518301610541728
0 0.87841796875 0.9224011713030746 0.072265625 0.15226939970717424
0 0.9326171875 0.7620790629575402 0.1328125 0.3938506588579795
0 0.9501953125 0.9538799414348462 0.09765625 0.08931185944363104