0 0.08984375 0.20849609375 0.0771484375 0.0751953125
0 0.1689453125 0.248046875 0.0810546875 0.0751953125
0 0.18798828125 0.3212890625 0.0751953125 0.0751953125
0 0.260791015625 0.37451171875 0.0791015625 0.08203125
0 0.33154296875 0.36572265625 0.083984375 0.091796875
0 0.410205078125 0.40185546875 0.1015625 0.125
0 0.517666015625 0.470703125 0.099609375 0.123046875
0 0.66162109375 0.56005859375 0.1171875 0.140625
0 0.7333984375 0.4296875 0.04296875 0.05078125
0 0.78564453125 0.47314453125 0.048828125 0.0556640625
0 0.8359375 0.55615234375 0.041015625 0.041015625
0 0.91796875 0.67333984375 0.0478515625 0.044921875
0 0.984375 0.7216796875 0.029296875 0.05859375