0 0.279296875 0.4686588921282799 0.228515625 0.3556851311953353
0 0.31298828125 0.17638483965014579 0.193359375 0.28717201166180756
0 0.4296875 0.673469387755102 0.20703125 0.31924198250728864
0 0.4189453125 0.38338192419825073 0.125 0.27405247813411077
0 0.47021484375 0.7959183673469388 0.142578125 0.13994169096209913
0 0.5458984375 0.32434402332361517 0.2451171875 0.4314868804664723
0 0.48974609375 0.5393586005830904 0.0400390625 0.08017492711370262
0 0.59814453125 0.5495626822157434 0.1826171875 0.260932944606414
0 0.6103515625 0.7332361516034985 0.1513671875 0.19970845481049562
0 0.763994140625 0.6574344023323615 0.181640625 0.2653061224489796
0 0.765625 0.41836734693877553 0.1826171875 0.27988338192419826