0 0.154619140625 0.052691176470588234 0.118681640625 0.10538235294117647
0 0.151123046875 0.061764705882352944 0.11921875 0.12352941176470589
0 0.263134765625 0.086 0.137841796875 0.17091176470588235
0 0.23142578125 0.14707352941176471 0.1137890625 0.18729411764705883
0 0.3725 0.18536764705882353 0.130244140625 0.2310735294117647
0 0.331787109375 0.15925 0.09900390625 0.19702941176470587
0 0.44048828125 0.07835294117647058 0.13 0.15670588235294117
0 0.35888671875 0.037617647058823526 0.124541015625 0.07011764705882353
0 0.474609375 0.17983823529411766 0.11453125 0.20580882352941174
0 0.546240234375 0.15177941176470588 0.1205859375 0.19833823529411765
0 0.623037109375 0.1786029411764706 0.1208203125 0.19691176470588237
0 0.652255859375 0.07777941176470589 0.1468359375 0.15555882352941178
0 0.537294921875 0.02895588235294118 0.09625 0.05791176470588236
0 0.7353515625 0.11295588235294118 0.128427734375 0.2123970588235294
0 0.7696484375 0.027250000000000003 0.14126953125 0.05450000000000001
0 0.848525390625 0.06983823529411765 0.15091796875 0.13966176470588235
0 0.864208984375 0.08516176470588235 0.13615234375 0.1703235294117647
0 0.923486328125 0.06472058823529411 0.1141015625 0.12945588235294117
0 0.958212890625 0.03917647058823529 0.083583984375 0.07835294117647058
0 0.041875 0.01810294117647059 0.080908203125 0.03620588235294118