0 0.837802734375 0.2836950146627566 0.05994140625 0.10038123167155424
0 0.817666015625 0.6697947214076246 0.03822265625 0.050659824046920814
0 0.818408203125 0.7367302052785923 0.036474609375 0.04655425219941349
0 0.837666015625 0.4905865102639296 0.037236328125 0.05001466275659824
0 0.83837890625 0.7060117302052786 0.037109375 0.04838709677419355
0 0.82111328125 0.3805131964809384 0.037451171875 0.04728739002932551
0 0.8388671875 0.6370967741935484 0.0322265625 0.04252199413489736
0 0.841923828125 0.3415982404692082 0.037119140625 0.05473607038123167
0 0.838974609375 0.4169941348973607 0.0380859375 0.04985337243401759
0 0.85537109375 0.4557184750733138 0.042080078125 0.04772727272727272
0 0.85302734375 0.6671554252199413 0.0390625 0.04838709677419355
0 0.857998046875 0.5955425219941349 0.037109375 0.051319648093841645
0 0.8553125 0.5219061583577712 0.042353515625 0.048240469208211144
0 0.856572265625 0.7405571847507332 0.039306640625 0.05001466275659824
0 0.839951171875 0.5623313782991202 0.035810546875 0.051290322580645156
0 0.8583984375 0.3775659824046921 0.0361328125 0.04398826979472141
0 0.8668359375 0.34178885630498534 0.02986328125 0.04749266862170088
0 0.8601171875 0.4838856304985337 0.036201171875 0.040175953079178886
0 0.865966796875 0.4133577712609971 0.03533203125 0.04387096774193549
0 0.860498046875 0.6986363636363637 0.034951171875 0.04505865102639296
0 0.8681640625 0.5564516129032258 0.0244140625 0.036656891495601175
0 0.86501953125 0.627140762463343 0.0299609375 0.039736070381231677
0 0.9558984375 0.9335190615835777 0.0859375 0.13049853372434017
0 0.95849609375 0.28885630498533726 0.080078125 0.1774193548387097
0 0.95931640625 0.8294134897360703 0.0791015625 0.1744868035190616
0 0.9599609375 0.5615835777126099 0.0771484375 0.17008797653958943
0 0.9598046875 0.6825513196480938 0.0771484375 0.12903225806451613
0 0.95931640625 0.42961876832844575 0.0732421875 0.1187683284457478
0 0.96142578125 0.054252199413489736 0.0751953125 0.10850439882697947
0 0.964697265625 0.16862170087976538 0.068359375 0.12609970674486803
0 0.987646484375 0.9626099706744868 0.0224609375 0.0718475073313783
0 0.98974609375 0.4244868035190616 0.017578125 0.11730205278592376
0 0.99169921875 0.6964809384164223 0.0146484375 0.08651026392961877
0 0.9921875 0.13563049853372433 0.0126953125 0.10850439882697947