0 0.05233219567690557 0.84130859375 0.080773606370876 0.0771484375
0 0.08646188850967008 0.86083984375 0.09101251422070535 0.095703125
0 0.14562002275312855 0.892578125 0.10580204778156997 0.0966796875
0 0.2360637087599545 0.80078125 0.14675767918088736 0.09375
0 0.2502844141069397 0.6416015625 0.1285551763367463 0.103515625
0 0.25597269624573377 0.9111328125 0.1149032992036405 0.099609375
0 0.3014789533560865 0.4990234375 0.0875995449374289 0.0849609375
0 0.36973833902161546 0.90869140625 0.11149032992036405 0.1044921875
0 0.4351535836177474 0.814453125 0.1149032992036405 0.095703125
0 0.49032992036405004 0.92041015625 0.10352673492605233 0.1015625
0 0.593287827076223 0.6533203125 0.12514220705346984 0.0986328125
0 0.6183162684869169 0.90625 0.12741751990898748 0.109375
0 0.6376564277588168 0.478515625 0.12514220705346984 0.0751953125
0 0.7246871444823664 0.89306640625 0.10921501706484642 0.1015625
0 0.7753128555176336 0.64111328125 0.15358361774744028 0.0927734375
0 0.8145620022753128 0.89794921875 0.11831626848691695 0.0986328125
0 0.8441410693970421 0.75048828125 0.14334470989761092 0.107421875
0 0.8657565415244596 0.85205078125 0.11262798634812286 0.0986328125
0 0.944254835039818 0.84228515625 0.08987485779294653 0.095703125