0 0.055341796875 0.03008823529411765 0.11068359375 0.060161764705882345
0 0.201884765625 0.04 0.121787109375 0.08
0 0.128798828125 0.10630882352941178 0.145205078125 0.21260294117647058
0 0.23271484375 0.12255882352941178 0.074091796875 0.1254705882352941
0 0.209560546875 0.20872058823529413 0.148291015625 0.11280882352941175
0 0.069306640625 0.2665 0.138623046875 0.17119117647058824
0 0.033115234375 0.12301470588235294 0.066240234375 0.11914705882352941
0 0.13619140625 0.3982647058823529 0.0997265625 0.1791029411764706
0 0.046201171875 0.39889705882352944 0.091396484375 0.19045588235294117
0 0.0735546875 0.5338088235294117 0.106123046875 0.18113235294117647
0 0.047685546875 0.66725 0.09537109375 0.16213235294117648
0 0.08234375 0.8139264705882353 0.112548828125 0.1797058823529412
0 0.0484375 0.9277352941176471 0.084697265625 0.14454411764705882
0 0.960634765625 0.9340294117647059 0.078740234375 0.13192647058823528
0 0.97876953125 0.8123088235294118 0.0424609375 0.1867941176470588
0 0.942265625 0.799470588235294 0.0531640625 0.13172058823529412
0 0.9564453125 0.6628970588235293 0.087109375 0.1862794117647059
0 0.987470703125 0.568529411764706 0.02384765625 0.15302941176470589
0 0.94630859375 0.5063235294117647 0.08078125 0.12945588235294117
0 0.95923828125 0.40925 0.0815234375 0.17898529411764705
0 0.950166015625 0.2589852941176471 0.099658203125 0.1431764705882353
0 0.9623046875 0.09654411764705884 0.075390625 0.17544117647058824