0 0.0908203125 0.4388020833333333 0.080078125 0.12109375
0 0.083984375 0.5032552083333334 0.0390625 0.03125
0 0.11474609375 0.3483072916666667 0.025390625 0.048177083333333336
0 0.21630859375 0.10091145833333333 0.212890625 0.20182291666666666
0 0.1650390625 0.3229166666666667 0.0966796875 0.11197916666666667
0 0.13818359375 0.3313802083333333 0.025390625 0.03515625
0 0.140625 0.384765625 0.0263671875 0.045572916666666664
0 0.1826171875 0.421875 0.080078125 0.09375
0 0.15625 0.3522135416666667 0.021484375 0.041666666666666664
0 0.2333984375 0.5325520833333334 0.0361328125 0.033854166666666664
0 0.2451171875 0.14518229166666666 0.0595703125 0.08723958333333333
0 0.2470703125 0.47265625 0.03125 0.044270833333333336
0 0.24951171875 0.22721354166666666 0.0341796875 0.06510416666666667
0 0.26708984375 0.5110677083333334 0.03125 0.041666666666666664
0 0.2724609375 0.404296875 0.0390625 0.0625
0 0.279296875 0.21744791666666666 0.052734375 0.08072916666666667
0 0.28369140625 0.4739583333333333 0.041015625 0.041666666666666664
0 0.2978515625 0.15625 0.0595703125 0.07682291666666667
0 0.3349609375 0.40234375 0.0205078125 0.044270833333333336
0 0.3369140625 0.5227864583333334 0.025390625 0.0234375
0 0.3798828125 0.345703125 0.0986328125 0.1328125
0 0.3564453125 0.54296875 0.0205078125 0.045572916666666664
0 0.35791015625 0.435546875 0.017578125 0.041666666666666664
0 0.3740234375 0.49609375 0.029296875 0.048177083333333336
0 0.37451171875 0.4225260416666667 0.0283203125 0.049479166666666664
0 0.390625 0.5403645833333334 0.021484375 0.048177083333333336
0 0.40478515625 0.4401041666666667 0.03125 0.03515625
0 0.41552734375 0.5462239583333334 0.033203125 0.055989583333333336
0 0.447265625 0.365234375 0.060546875 0.1015625
0 0.4345703125 0.505859375 0.03125 0.052083333333333336
0 0.4560546875 0.458984375 0.0439453125 0.048177083333333336
0 0.451171875 0.4231770833333333 0.0185546875 0.0234375
0 0.46435546875 0.4055989583333333 0.0107421875 0.024739583333333332
0 0.47119140625 0.53515625 0.0185546875 0.037760416666666664
0 0.47607421875 0.4075520833333333 0.0185546875 0.010416666666666666
0 0.49365234375 0.513671875 0.03125 0.03125
0 0.51318359375 0.3645833333333333 0.056640625 0.07291666666666667
0 0.4970703125 0.4147135416666667 0.0205078125 0.0234375
0 0.5107421875 0.41015625 0.015625 0.0234375
0 0.52734375 0.4134114583333333 0.0185546875 0.020833333333333332
0 0.54150390625 0.53515625 0.041015625 0.05859375
0 0.54443359375 0.5729166666666666 0.0234375 0.03515625
0 0.556640625 0.546875 0.0205078125 0.018229166666666668
0 0.57958984375 0.5169270833333334 0.0390625 0.041666666666666664
0 0.5654296875 0.548828125 0.0078125 0.03125
0 0.60009765625 0.40234375 0.0732421875 0.11067708333333333
0 0.58251953125 0.5533854166666666 0.021484375 0.016927083333333332
0 0.583984375 0.453125 0.0126953125 0.018229166666666668
0 0.5908203125 0.4596354166666667 0.017578125 0.024739583333333332
0 0.6083984375 0.46484375 0.0234375 0.03515625
0 0.63623046875 0.5377604166666666 0.0263671875 0.048177083333333336
0 0.65087890625 0.5026041666666666 0.0390625 0.03515625
0 0.67041015625 0.408203125 0.046875 0.0703125
0 0.67724609375 0.5397135416666666 0.044921875 0.11848958333333333
0 0.6728515625 0.4622395833333333 0.025390625 0.028645833333333332
0 0.69775390625 0.4368489583333333 0.0498046875 0.07942708333333333
0 0.90380859375 0.4622395833333333 0.025390625 0.049479166666666664
0 0.935546875 0.45703125 0.0595703125 0.08984375
0 0.97998046875 0.3743489583333333 0.0361328125 0.06640625
0 0.9912109375 0.3294270833333333 0.013671875 0.03515625