0 0.522724609375 0.14162760416666667 0.1328125 0.13915364583333334
0 0.577744140625 0.070859375 0.037099609375 0.14171875
0 0.856328125 0.0684765625 0.15548828125 0.13606770833333334
0 0.94763671875 0.016575520833333333 0.055771484375 0.027942708333333333
0 0.812392578125 0.14227864583333333 0.139228515625 0.17953125
0 0.77904296875 0.039153645833333334 0.023701171875 0.07309895833333334
0 0.789775390625 0.6600130208333334 0.11677734375 0.168984375
0 0.8724609375 0.65828125 0.13451171875 0.18287760416666665
0 0.836826171875 0.8429557291666666 0.143935546875 0.2246875
0 0.940322265625 0.7616015625 0.119228515625 0.18119791666666665
0 0.981357421875 0.8800781249999999 0.03728515625 0.12872395833333333
0 0.951953125 0.8961458333333333 0.096083984375 0.12610677083333333
0 0.946005859375 0.6448046875 0.038623046875 0.07779947916666667