0 0.03076171875 0.06315104166666667 0.0615234375 0.1171875
0 0.076171875 0.24674479166666666 0.0869140625 0.140625
0 0.12939453125 0.14908854166666666 0.0849609375 0.14453125
0 0.15478515625 0.39453125 0.08984375 0.14192708333333334
0 0.18359375 0.271484375 0.080078125 0.14453125
0 0.1884765625 0.14518229166666666 0.0390625 0.08203125
0 0.193359375 0.17447916666666666 0.025390625 0.040364583333333336
0 0.24072265625 0.15299479166666666 0.044921875 0.06901041666666667
0 0.248046875 0.09830729166666667 0.044921875 0.07942708333333333
0 0.27880859375 0.12760416666666666 0.04296875 0.07552083333333333
0 0.27734375 0.24088541666666666 0.0341796875 0.057291666666666664
0 0.30908203125 0.107421875 0.041015625 0.07552083333333333
0 0.34033203125 0.10026041666666667 0.052734375 0.09505208333333333
0 0.35205078125 0.23893229166666666 0.0341796875 0.0546875
0 0.3525390625 0.14973958333333334 0.0302734375 0.0546875
0 0.373046875 0.115234375 0.0400390625 0.078125
0 0.4189453125 0.1015625 0.0439453125 0.07291666666666667
0 0.4267578125 0.23763020833333334 0.029296875 0.0546875
0 0.5 0.01171875 0.037109375 0.0234375
0 0.50732421875 0.23828125 0.0322265625 0.059895833333333336
0 0.64990234375 0.154296875 0.0791015625 0.12760416666666666
0 0.6484375 0.2962239583333333 0.0712890625 0.1171875
0 0.71435546875 0.296875 0.0703125 0.12630208333333334
0 0.7451171875 0.3938802083333333 0.07421875 0.12890625
0 0.81396484375 0.064453125 0.0546875 0.09244791666666667