0 0.16748046875 0.283203125 0.0703125 0.09895833333333333
0 0.2099609375 0.4095052083333333 0.0537109375 0.08723958333333333
0 0.3115234375 0.5149739583333334 0.0185546875 0.032552083333333336
0 0.349609375 0.2805989583333333 0.0751953125 0.10286458333333333
0 0.33251953125 0.4986979166666667 0.021484375 0.03515625
0 0.353515625 0.3515625 0.0615234375 0.0546875
0 0.35986328125 0.40234375 0.060546875 0.08463541666666667
0 0.38330078125 0.13932291666666666 0.0673828125 0.10026041666666667
0 0.3896484375 0.2916666666666667 0.04296875 0.08463541666666667
0 0.43505859375 0.234375 0.0595703125 0.06640625
0 0.5771484375 0.3834635416666667 0.0849609375 0.12239583333333333
0 0.6630859375 0.21028645833333334 0.0771484375 0.11328125
0 0.44365234375 0.27619791666666665 0.057880859375 0.07846354166666666