0 0.779077598828697 0.225908203125 0.144597364568082 0.104951171875
0 0.7816983894582723 0.29859375 0.19086383601756957 0.109677734375
0 0.8435139092240117 0.325361328125 0.19505124450951683 0.128056640625
0 0.680688140556369 0.342158203125 0.18210834553440702 0.10697265625
0 0.8962079062957541 0.37595703125 0.2067789165446559 0.1081640625
0 0.7477452415812591 0.411875 0.16978038067349926 0.116884765625
0 0.5987115666178624 0.441767578125 0.22428989751098097 0.107880859375
0 0.8964128843338214 0.4378515625 0.20717423133235724 0.115693359375
0 0.7149487554904832 0.49392578125 0.16510980966325037 0.155908203125
0 0.7764568081991216 0.5380859375 0.11245973645680821 0.106650390625
0 0.9186530014641289 0.48337890625 0.16267935578330894 0.1066796875
0 0.8692679355783309 0.52869140625 0.16693997071742311 0.172294921875