0 0.11083984375 0.007320644216691069 0.01953125 0.014641288433382138
0 0.15966796875 0.06076134699853587 0.103515625 0.12152269399707175
0 0.169921875 0.47291361639824303 0.041015625 0.05856515373352855
0 0.1767578125 0.5292825768667643 0.037109375 0.0527086383601757
0 0.2041015625 0.021961932650073207 0.0771484375 0.043923865300146414
0 0.20166015625 0.513177159590044 0.0439453125 0.060029282576866766
0 0.205078125 0.45241581259150804 0.0419921875 0.06588579795021962
0 0.212890625 0.09297218155197658 0.0458984375 0.05124450951683748
0 0.2177734375 0.43191800878477304 0.0390625 0.036603221083455345
0 0.21240234375 0.5431918008784773 0.0146484375 0.021961932650073207
0 0.25439453125 0.05856515373352855 0.0986328125 0.1171303074670571
0 0.23583984375 0.46925329428989754 0.05078125 0.05710102489019034
0 0.234375 0.4780380673499268 0.0458984375 0.048316251830161056
0 0.2353515625 0.5322108345534406 0.0380859375 0.05124450951683748
0 0.3037109375 0.010980966325036604 0.0361328125 0.021961932650073207