0 0.137568359375 0.27166666666666667 0.09833984375 0.1247953216374269
0 0.1605859375 0.22945906432748536 0.06345703125 0.08214912280701754
0 0.213876953125 0.21609649122807018 0.081064453125 0.1389766081871345
0 0.2016015625 0.33766081871345033 0.083291015625 0.12752923976608188
0 0.15794921875 0.3681578947368421 0.067373046875 0.09157894736842105
0 0.586298828125 0.2679093567251462 0.088994140625 0.12562865497076026
0 0.722158203125 0.2292690058479532 0.1006640625 0.13605263157894737
0 0.659404296875 0.3274122807017544 0.08845703125 0.14383040935672514
0 0.6313671875 0.37505847953216376 0.0859375 0.11539473684210527
0 0.715751953125 0.3537426900584795 0.076201171875 0.132953216374269
0 0.8428125 0.3715350877192982 0.057939453125 0.08223684210526316
0 0.905439453125 0.3489619883040936 0.068798828125 0.10394736842105262
0 0.873232421875 0.4500438596491228 0.0876953125 0.12830409356725148
0 0.9471484375 0.8085964912280702 0.088037109375 0.1710672514619883
0 0.945068359375 0.9463157894736842 0.104169921875 0.10736842105263157
0 0.8753125 0.8860964912280702 0.120146484375 0.14646198830409357
0 0.229765625 0.792719298245614 0.101376953125 0.13931286549707603
0 0.168671875 0.8486988304093567 0.096376953125 0.1176169590643275
0 0.180126953125 0.9545906432748539 0.0871875 0.0908187134502924
0 0.46857421875 0.3807163742690059 0.065595703125 0.10062865497076023
0 0.483359375 0.32973684210526316 0.04494140625 0.0654970760233918
0 0.547802734375 0.3556578947368421 0.056640625 0.1006140350877193