0 0.78564453125 0.2925347222222222 0.0390625 0.08506944444444445
0 0.429658203125 0.25625 0.06498046875 0.16006944444444446
0 0.3931640625 0.25993055555555555 0.03837890625 0.14572916666666666
0 0.50630859375 0.33871527777777777 0.02296875 0.06460069444444444
0 0.481416015625 0.35218750000000004 0.022001953125 0.06546875
0 0.446025390625 0.34758680555555554 0.063427734375 0.1303298611111111
0 0.412333984375 0.35175347222222225 0.025439453125 0.09065972222222222
0 0.441748046875 0.41642361111111115 0.0255859375 0.04911458333333333
0 0.4595703125 0.4335763888888889 0.024130859375 0.04519097222222222
0 0.463720703125 0.5006423611111112 0.030478515625 0.07163194444444444
0 0.437724609375 0.5249479166666666 0.031201171875 0.07508680555555555
0 0.478115234375 0.5757638888888889 0.022734375 0.052569444444444446
0 0.4919140625 0.6000694444444444 0.030244140625 0.055086805555555556
0 0.479951171875 0.6261111111111111 0.02974609375 0.03769097222222222
0 0.328486328125 0.4307638888888889 0.03107421875 0.07506944444444445
0 0.246826171875 0.6246180555555555 0.02646484375 0.05911458333333333
0 0.30431640625 0.4945833333333333 0.026689453125 0.05513888888888889
0 0.30626953125 0.7279340277777778 0.01888671875 0.04006944444444444
0 0.29296875 0.7338020833333334 0.016201171875 0.03878472222222222