0 0.179287109375 0.6183464566929134 0.04076171875 0.035118110236220475
0 0.22498046875 0.6033858267716535 0.0462109375 0.03668307086614173
0 0.275966796875 0.6254429133858268 0.0588671875 0.0650492125984252
0 0.23162109375 0.6455216535433072 0.0516796875 0.06585629921259842
0 0.184951171875 0.6356791338582677 0.048173828125 0.05403543307086614
0 0.196484375 0.6913877952755906 0.049853515625 0.05108267716535433
0 0.16953125 0.6671751968503937 0.02904296875 0.022549212598425197
0 0.1958984375 0.7284055118110235 0.054931640625 0.05578740157480315
0 0.240810546875 0.7286023622047244 0.051044921875 0.059330708661417327
0 0.256435546875 0.7083169291338582 0.066669921875 0.05658464566929134
0 0.275185546875 0.6738681102362204 0.0604296875 0.0349507874015748
0 0.8920703125 0.7026082677165355 0.057109375 0.04831692913385827
0 0.933671875 0.7144291338582678 0.071572265625 0.05619094488188977
0 0.83640625 0.6703346456692912 0.05421875 0.06035433070866142
0 0.896953125 0.6728937007874015 0.066875 0.045787401574803155
0 0.861806640625 0.7242716535433071 0.074677734375 0.06011811023622047