0 0.224072265625 0.035 0.04287109375 0.05989705882352941
0 0.2721875 0.03495588235294118 0.070478515625 0.06991176470588235
0 0.33634765625 0.04189705882352941 0.064921875 0.08295588235294117
0 0.310126953125 0.09629411764705884 0.072724609375 0.08976470588235294
0 0.243017578125 0.09148529411764705 0.0637109375 0.06448529411764706
0 0.337041015625 0.1734264705882353 0.05515625 0.0825735294117647
0 0.326865234375 0.30161764705882355 0.061572265625 0.06988235294117648
0 0.337744140625 0.24279411764705883 0.03423828125 0.04776470588235294
0 0.31291015625 0.34448529411764706 0.04482421875 0.0681764705882353
0 0.348896484375 0.3520441176470588 0.03423828125 0.053044117647058825
0 0.219453125 0.34975 0.03052734375 0.039
0 0.21359375 0.29763235294117646 0.024384765625 0.05241176470588235