0 0.259765625 0.09475218658892129 0.0927734375 0.15306122448979592
0 0.042294921875 0.36628279883381926 0.083583984375 0.14448979591836736
0 0.075498046875 0.5616763848396501 0.10421875 0.14376093294460643
0 0.136748046875 0.6562099125364432 0.087451171875 0.14196793002915453
0 0.165478515625 0.503935860058309 0.11369140625 0.16747813411078719
0 0.15236328125 0.35667638483965014 0.09638671875 0.12632653061224489
0 0.070615234375 0.23858600583090378 0.098359375 0.12650145772594754
0 0.090576171875 0.17276967930029155 0.082138671875 0.09479591836734694
0 0.159755859375 0.22918367346938776 0.088857421875 0.121399416909621
0 0.198115234375 0.30771137026239065 0.06515625 0.10176384839650146
0 0.229921875 0.21169096209912536 0.081904296875 0.12307580174927114
0 0.303291015625 0.08861516034985423 0.0612890625 0.14307580174927115
0 0.333837890625 0.1350583090379009 0.07552734375 0.1235276967930029
0 0.288349609375 0.24855685131195335 0.073466796875 0.15345481049562681
0 0.38431640625 0.33604956268221575 0.0756640625 0.09176384839650147
0 0.378056640625 0.07610787172011661 0.07916015625 0.1014139941690962
0 0.36982421875 0.025903790087463557 0.098408203125 0.05180758017492711
0 0.4505859375 0.06902332361516035 0.06802734375 0.11223032069970845
0 0.406650390625 0.1633527696793003 0.08056640625 0.11976676384839649
0 0.478623046875 0.15690962099125363 0.070546875 0.10352769679300292
0 0.519912109375 0.09985422740524781 0.06609375 0.12392128279883383
0 0.55896484375 0.10090379008746356 0.0437890625 0.10517492711370263
0 0.624384765625 0.08443148688046648 0.038515625 0.06807580174927114
0 0.5871484375 0.13377551020408163 0.071142578125 0.12061224489795917
0 0.598720703125 0.2439650145772595 0.074208984375 0.11096209912536444
0 0.53287109375 0.21397959183673468 0.0798046875 0.12097667638483964
0 0.668330078125 0.10027696793002916 0.07060546875 0.13309037900874635
0 0.733603515625 0.09527696793002915 0.073974609375 0.12307580174927114
0 0.816875 0.10153061224489797 0.066474609375 0.12724489795918367
0 0.774619140625 0.14419825072886297 0.0756640625 0.12478134110787172
0 0.713935546875 0.1958600583090379 0.088193359375 0.10475218658892128
0 0.811162109375 0.22918367346938776 0.0751171875 0.121399416909621
0 0.87587890625 0.2654227405247814 0.079599609375 0.12387755102040816
0 0.906015625 0.38249271137026236 0.075146484375 0.11463556851311954
0 0.778232421875 0.4123177842565598 0.082236328125 0.1324344023323615
0 0.850771484375 0.4658163265306123 0.08517578125 0.14791545189504374
0 0.77990234375 0.2989941690962099 0.074423828125 0.1057142857142857
0 0.84044921875 0.3295918367346939 0.077919921875 0.11217201166180758
0 0.9283203125 0.20358600583090378 0.036435546875 0.0564868804664723