0 0.079423828125 0.057577092511013214 0.15884765625 0.11515418502202643
0 0.16033203125 0.19998531571218794 0.2328125 0.3980323054331865
0 0.2626953125 0.1905726872246696 0.06712890625 0.19449339207048458
0 0.296044921875 0.09881057268722468 0.1204296875 0.1976064610866373
0 0.380009765625 0.10405286343612334 0.11431640625 0.20809104258443467
0 0.463994140625 0.09787077826725404 0.23095703125 0.19575624082232013
0 0.49619140625 0.3442290748898678 0.081767578125 0.17995594713656388
0 0.692900390625 0.47966226138032303 0.33396484375 0.5644787077826726
0 0.948076171875 0.5282525697503672 0.10384765625 0.24174743024963288
0 0.964345703125 0.6964904552129222 0.07130859375 0.16859030837004405
0 0.940458984375 0.6631571218795889 0.052333984375 0.09619676945668136
0 0.8548046875 0.6219970631424375 0.098671875 0.18751835535976505
0 0.868076171875 0.7879735682819383 0.106376953125 0.1870044052863436
0 0.065478515625 0.7396769456681351 0.130947265625 0.37588839941262847
0 0.115126953125 0.8234361233480176 0.12232421875 0.22098384728340678
0 0.243291015625 0.4361380323054332 0.1501953125 0.25469897209985315
0 0.3056640625 0.5716152716593245 0.159765625 0.28826725403817915
0 0.452412109375 0.7501908957415565 0.18994140625 0.31293685756240824
0 0.435087890625 0.5083259911894273 0.121396484375 0.2480323054331865